10 0.059685492347916494 0.19599427753934193 0.09348330126782102 0.0944206008583691
9 0.1855283979007525 0.19742489270386265 0.09492150590271053 0.10014306151645208
9 0.9398667289003236 0.19742489270386265 0.1164945754260539 0.10586552217453503
11 0.43793331132386926 0.3147353361945637 0.09060689199804195 0.1030042918454935
11 0.3099330988186989 0.0665236051502146 0.10786534761671657 0.11015736766809729
6 0.4364951066889797 0.1924177395031218 0.1136181661562748 0.10443490725985058
10 0.69393373633421 0.0636623748211731 0.11649457542605383 0.11301859799713876
7 0.6953719409690992 0.44134477844202663 0.1107417568864956 0.11874105828046673
7 0.06400010625258518 0.0665236051502146 0.11937098469583302 0.11301859799713877
3 0.0661574132049195 0.8175965665236052 0.09204509663293148 0.11301859799713881
3 0.1833710909484182 0.6866952789699571 0.0877304827282628 0.11158798283261802
3 0.3156859173582572 0.8190271816881259 0.09348330126782109 0.09871244635193137
3 0.9369903196305445 0.8161659513590845 0.09635971053760016 0.10443490701001437
5 0.6946528386516547 0.9420600858369099 0.10355073371204795 0.1072961373390558
5 0.31352861040592284 0.938483547925608 0.11793278006094347 0.11158798283261802
0 0.6924955316993204 0.6895565092989986 0.08485407345848359 0.10872675250357659
1 0.06328100393514038 0.43848354755085345 0.11217996152138522 0.11301859874664802
1 0.18768570485308683 0.9313304721030043 0.10498893834693745 0.11158798283261802
