9 0.4404388478074596 0.4434907010014307 0.10957606229781718 0.09728183118741064
9 0.3166321280683676 0.32045779685264664 0.08111474741526724 0.0944206008583691
9 0.1921138754572118 0.19814020028612306 0.1053068650654346 0.1130185979971388
9 0.06403795848573726 0.19814020028612306 0.11384525953019958 0.08726752503576536
11 0.5613994360582967 0.06723891273247497 0.10672993080956211 0.10586552217453506
8 0.6830715571811975 0.3125894134477825 0.10815299655368954 0.1044349070100143
8 0.5628225018024242 0.43705293276108725 0.10388379932130704 0.11587982832618024
10 0.8111474741526721 0.43776824034334766 0.10815299655368961 0.11444921316165953
7 0.19140234258514802 0.06294706723891273 0.11526832527432707 0.117310443490701
3 0.06474949135780102 0.8168812589413449 0.11526832527432708 0.11731044349070104
3 0.18926774396895676 0.8125894134477827 0.10815299655368958 0.11158798283261817
3 0.31022833221979385 0.8161659513590844 0.10815299655368957 0.1072961373390558
3 0.4383042491912684 0.6917024320457797 0.1138452595301996 0.10443490701001423
5 0.8111474741526721 0.9434907010014306 0.10815299655368961 0.11015736766809738
2 0.5599763703141691 0.8118741058655223 0.10103766783305211 0.11301859799713881
0 0.8104359412806084 0.8133047210300429 0.10957606229781704 0.11015736766809738
4 0.934954193891764 0.6874105865522173 0.10815299655368961 0.11874105865522175
1 0.19211387545721176 0.936337624741613 0.11099912804194462 0.12446352018773225
