9 0.06509298998569385 0.3197424892703863 0.10443490701001432 0.1044349070100143
9 0.1881258941344778 0.2010014306151645 0.09871244635193133 0.1044349070100143
9 0.3111587982832618 0.1967095851216023 0.10157367668097286 0.10729613733905576
3 0.5529327610872676 0.44420600858369097 0.11301859799713874 0.11587982832618032
11 0.31115879828326176 0.06652360515021458 0.10443490701001426 0.11874105865522173
6 0.8040057224606576 0.6909871244010602 0.10300429184549356 0.1058655225492896
6 0.8104434907010014 0.1959942775393419 0.1015736766809728 0.11158798283261802
7 0.6866952789699572 0.8133047210300424 0.11444921316165947 0.1130185979971388
7 0.18741058655221746 0.06723891273247497 0.12303290414878398 0.1201716738197425
3 0.05937052932761087 0.6945636623748211 0.11301859799713876 0.10443490701001423
3 0.1881258941344778 0.8197424892703863 0.09585121602288986 0.10014306151645201
3 0.31616595135908443 0.8161659513590844 0.10586552217453508 0.11874105865522182
5 0.8090128755364805 0.5693848346672881 0.09871244635193151 0.10586552379847229
5 0.5672495436770721 0.9427753934191702 0.11303985988633315 0.1144492131616596
2 0.6831187410586551 0.6917024320457797 0.10443490701001437 0.11587982832618024
0 0.43919885550786847 0.6895565092989986 0.10586552217453508 0.10586552217453495
4 0.9349070100143061 0.18955650929899856 0.11874105865522168 0.12446351931330468
1 0.1888412017167382 0.9370529327610874 0.10872675250357654 0.10872675250357659
