9 0.05824892703862661 0.31831187410586553 0.10211540295660466 0.11015736766809724
9 0.18409537434430143 0.19885550786838338 0.10067715784453984 0.10300429184549355
9 0.3135374344301383 0.19527896995708155 0.09204768717215074 0.10157367668097285
9 0.9362975679542204 0.32117310443490704 0.09204768717215074 0.10443490701001426
11 0.4300352885073916 0.06151645207439199 0.10930662851692893 0.12303290414878398
11 0.8097319980925133 0.06580829756795421 0.09780066762041016 0.12017167381974249
6 0.811170243204578 0.44420600858369097 0.11505960896518844 0.1072961373390558
7 0.3113800667620411 0.3175965665236051 0.1049918931807344 0.11158798283261799
7 0.1891292322365284 0.06580829756795421 0.1164978540772532 0.117310443490701
3 0.05968717215069147 0.8154506437768241 0.11937434430138294 0.12017167381974246
3 0.18769098712446353 0.8175965665236052 0.09923891273247501 0.11301859799713881
3 0.31066094420600865 0.823319027181688 0.10643013829279926 0.10729613733905566
3 0.5587582260371959 0.6967095851216024 0.09348593228421549 0.09728183118741057
5 0.8104511206485456 0.5665236051502146 0.11649785407725317 0.1173104434907011
5 0.31138006676204105 0.9413447782546496 0.09636242250834527 0.10014306151645215
0 0.43722651406771573 0.5679542203147353 0.09204768717215067 0.1144492131616596
1 0.9370166905102526 0.4420600857119915 0.10499189318073437 0.108726752753413
1 0.18410606198726978 0.9413447782546496 0.11508098425112513 0.11731044349070104
