9 0.06670947247473895 0.1917024320457797 0.11638673921124668 0.11444921316165951
9 0.19303166503328714 0.1967095851216023 0.10219323442938728 0.09012875536480687
9 0.32006353283092837 0.19241773962804004 0.10928998682031697 0.11301859799713877
8 0.5620627893616302 0.5636623748211731 0.10503193538575914 0.10872675250357652
9 0.6876753066810855 0.5658082975679543 0.10928998682031704 0.10443490701001437
6 0.8118684735223547 0.5658082975679541 0.10787063634213098 0.11015736766809724
6 0.8147071744787265 0.6888412017167381 0.09367713156027178 0.1072961373390558
7 0.6890946571592713 0.19027181688125894 0.106451285863945 0.10872675250357654
7 0.19516069075056605 0.0665236051502146 0.12064479064580452 0.11587982832618027
3 0.07167719914838971 0.6895565092989986 0.10077388395120139 0.10014306151645201
3 0.195870365989659 0.6888412017167381 0.10219323442938733 0.1072961373390558
3 0.31580548139637055 0.8183118741058655 0.10077388395120139 0.09442060085836915
2 0.31509580615727756 0.567238912732475 0.10787063634213101 0.11874105865522182
2 0.6855462809638065 0.6852646638054364 0.09083843060389996 0.11158798283261788
0 0.4478050758676625 0.5686695278969957 0.10928998682031697 0.11874105865522161
3 0.5691595417525599 0.8197424892703863 0.0908384306038998 0.09728183118741071
4 0.6876753066810855 0.9370529327610874 0.1206447906458044 0.10872675250357659
1 0.19799939170693792 0.9377682403433476 0.12064479064580448 0.11301859799713881
