9 0.07044371599472812 0.6859799713876967 0.10673290302231533 0.11301859799713868
9 0.19496543618742937 0.5679542203147353 0.10246358690142275 0.10586552217453502
9 0.5671074913919022 0.69241773962804 0.0925018492860066 0.09728183118741043
9 0.8168624844641201 0.815450643776824 0.09392495465963747 0.10300429184549344
11 0.4425857711992009 0.9349070100143061 0.10530979764868441 0.11015736766809724
8 0.6866483427768955 0.43919885550786836 0.1095791137695771 0.11158798283261802
10 0.44116266582556984 0.43848354830036257 0.10530979764868445 0.1130185972476295
10 0.4397395604519392 0.6874105865522173 0.1110022191432079 0.10729613733905566
7 0.8125931683432275 0.9313304721030042 0.10246358690142272 0.09728183118741057
3 0.8061891941618885 0.44062947067238917 0.08965563853874485 0.11158798283261802
3 0.19496543618742937 0.4427753934191702 0.10246358690142275 0.1044349070100143
3 0.06830905793428181 0.31402002861230327 0.1138484298904697 0.1072961373390558
3 0.6866483427768953 0.18955650929899856 0.09819427078053003 0.1015736766809728
0 0.31877560369331515 0.06580829756795421 0.11669464063773141 0.12017167381974249
5 0.9349802304754823 0.06723891273247495 0.10530979764868462 0.117310443490701
1 0.6880714481505262 0.06223175965665236 0.11242532451683872 0.12446351931330472
4 0.5649728333314559 0.43419170243204575 0.11384842989046959 0.11587982832618032
0 0.8104585102827813 0.6902718168812589 0.10388669227505361 0.11874105865522182
