9 0.06294706723891273 0.3133047210300429 0.10872675250357655 0.1144492131616595
9 0.1917024320457797 0.43991416309012876 0.11444921316165951 0.1072961373390558
9 0.44062947067238917 0.44134477825464946 0.09728183118741057 0.09585121602288993
9 0.5593705293276109 0.8147353361945636 0.10300429184549359 0.11301859799713868
11 0.3168812589413448 0.06866952789699572 0.10729613733905573 0.10872675250357655
6 0.19241773962804004 0.18741058655221746 0.12160228898426322 0.12017167381974246
10 0.5650929899856938 0.561516452074392 0.10586552217453515 0.11874105865522161
7 0.06580829756795421 0.06723891273247495 0.117310443490701 0.117310443490701
3 0.06723891273247497 0.44206008583690987 0.10014306151645208 0.10586552217453502
3 0.44206008583690987 0.5672389127324751 0.09442060085836915 0.10157367668097286
3 0.32045779685264664 0.8161659513590844 0.117310443490701 0.11587982832618024
3 0.19241773962804007 0.6917024320457797 0.08440629470672391 0.10443490701001423
5 0.3154506437768241 0.9349070100143061 0.10729613733905584 0.10443490701001437
0 0.19027181688125894 0.5622317596566524 0.11444921316165951 0.11731044349070097
4 0.6888412017167382 0.31187410586552217 0.11874105865522168 0.10872675250357652
1 0.1881258941344778 0.9327610872675249 0.11587982832618028 0.12303290414878404
