9 0.061842799300250835 0.5665236051502146 0.11505637079116435 0.10300429184549366
9 0.565214421511595 0.4413447782546496 0.10067432444226874 0.1101573676680973
9 0.9405858312177685 0.6888412017167381 0.09204509663293152 0.10443490701001416
9 0.82337215347427 0.8147353361945636 0.09923611980737931 0.10729613733905595
8 0.1912812164403107 0.43848354792560795 0.1006743244422688 0.11874105865522175
6 0.44009061827620355 0.5622317596566524 0.09779791517248974 0.10872675250357659
10 0.31640501967570195 0.43705293276108725 0.10930355225160614 0.11587982832618024
7 0.8169002326172667 0.9313304714784134 0.10930355225160625 0.11731044473988335
3 0.4422479252285379 0.43848354792560806 0.09923611980737924 0.1072961373390558
3 0.5594616029720366 0.3190271816881259 0.09779791517248966 0.10586552217453506
3 0.9441813428049923 0.31616595135908443 0.08773048272826287 0.10872675250357648
3 0.816181130299822 0.19456366237482117 0.10786534761671661 0.10586552217453503
2 0.816181130299822 0.315450643776824 0.10211252907715847 0.11587982832618024
0 0.32143873589781535 0.31187410586552217 0.09923611980737927 0.10872675250357652
4 0.19056211412286594 0.1967095851216023 0.10786534761671657 0.11015736766809725
1 0.8176193349347116 0.06294706723891273 0.12512380323539105 0.12589413447782546
