9 0.06256544201406068 0.3240343347639485 0.11362459584162744 0.11015736766809728
9 0.18913461206549378 0.20171673819742486 0.0906120194686396 0.111587982832618
9 0.95070706140906 0.32689556509298995 0.08342058935208087 0.09871244635193129
11 0.44227295216836 0.4513590844062948 0.10787145174838045 0.10157367668097286
11 0.5681229792081371 0.06652360515021458 0.10068002163182185 0.11874105865522173
6 0.5702804082431048 0.4470672389127326 0.11362459584162743 0.1101573676680973
10 0.5738761233013842 0.3197424892703863 0.11793945391156256 0.11301859799713874
3 0.07047601514227524 0.06866952764715925 0.11793945391156262 0.11444921366133227
3 0.0647228710490283 0.8261802575107297 0.1265691700514331 0.11587982832618024
3 0.18913461206549378 0.8290414878397712 0.10211830765513354 0.1015736766809728
3 0.945673060327469 0.8240343347639485 0.10787145174838045 0.12017167381974246
5 0.575314409324696 0.9463519313304719 0.09492687753857487 0.10729613733905584
5 0.696849578294538 0.1995708154506438 0.11362459584162736 0.11015736766809732
0 0.8248570343692827 0.698140200286123 0.1193777399348744 0.1144492131616596
1 0.9442347743041571 0.4477825464949929 0.10787145174838059 0.1258941344778254
1 0.06689098803097698 0.9456366237482118 0.11652254378221309 0.10872675250357659
