9 0.06288855923086505 0.3190271816881259 0.09686283835558525 0.1030042918454935
9 0.43732848660544094 0.4449213161659513 0.0910799823343563 0.08583690987124463
9 0.557322749045942 0.5643776824034334 0.08240569830251282 0.09298998569384835
9 0.6845455815129795 0.4456366237482117 0.08818855432374192 0.08440629470672391
11 0.3079370831304427 0.1917024320457797 0.09830855236089249 0.12303290414878397
11 0.9317626764205178 0.19098712446351931 0.09107998233435623 0.10157367668097284
8 0.18360567867401983 0.3125894134477825 0.1156571204245794 0.10729613733905577
6 0.18360567867401983 0.19241773962804004 0.10987426440335044 0.11015736766809728
10 0.5587684630512494 0.8104434907010014 0.11710283442988668 0.11301859799713868
3 0.05782856021228969 0.19241773925328537 0.11276569241396489 0.11874105940473088
3 0.18432853567667343 0.6888412017167381 0.0881885543237418 0.10157367668097286
3 0.681654153502365 0.5665236051502146 0.09975426636619979 0.09728183118741064
3 0.5609370340592101 0.684549356223176 0.09541712435027805 0.11015736766809724
5 0.8045398439534804 0.9334763948497854 0.09686283835558512 0.11587982832618024
5 0.7994798449349052 0.06723891273247495 0.11276569241396488 0.117310443490701
4 0.43082277358155835 0.5565092989985694 0.11276569241396495 0.12017167381974246
1 0.06288855923086506 0.6838340486409156 0.11421140641927216 0.12303290414878397
