9 0.06223175965665236 0.32045779685264664 0.08726752503576538 0.09728183118741064
9 0.43919885550786836 0.4463519313304721 0.07725321888412012 0.09728183118741057
9 0.5600858369098712 0.5679542203147353 0.09298998569384835 0.10014306151645215
9 0.6866952789699571 0.4477825464949929 0.07153075822603724 0.09155937052932764
11 0.9313304721030043 0.1967095851216023 0.10300429184549359 0.09298998569384835
11 0.315450643776824 0.19313304721030045 0.09012875536480686 0.10586552217453508
8 0.1831187410586552 0.3125894134477825 0.0886981402002861 0.1101573676680973
6 0.1859799713876967 0.19241773962804007 0.10014306151645208 0.1072961373390558
10 0.3133047210300429 0.3168812589413448 0.1115879828326181 0.11015736766809728
7 0.0636623748211731 0.06938483547925609 0.11301859799713876 0.12160228898426323
3 0.19027181688125894 0.6902718168812589 0.09728183118741056 0.1044349070100143
3 0.3147353361945636 0.8175965665236052 0.09728183118741054 0.10443490701001437
3 0.5650929899856938 0.6967095851216023 0.09442060085836915 0.10300429184549359
3 0.6859799713876967 0.5729613733905579 0.08440629470672391 0.09585121602288979
5 0.8104434907010014 0.9341917024320457 0.1015736766809728 0.11731044349070104
5 0.8125894134477827 0.44206008583690987 0.09155937052932771 0.10014306151645208
0 0.5643776824034334 0.8118741058655222 0.09298998569384835 0.10443490701001423
4 0.44134477825464946 0.5650929899856938 0.1072961373390558 0.11158798283261788
1 0.1938483547925608 0.8118741058655222 0.11301859799713874 0.11587982832618024
