9 0.06216914652610967 0.4456366237482117 0.1098803519996357 0.10443490701001437
9 0.18867613073621656 0.2010014306151645 0.10843455789437734 0.09298998569384834
9 0.8190423606288634 0.5715307582260372 0.11421773431541084 0.09871244635193129
9 0.4424129962090595 0.6945636623748211 0.10698876378911891 0.09298998569384821
11 0.44024430505117196 0.07224606580829757 0.11710932252592755 0.10729613733905578
8 0.18867613073621656 0.5636623748211731 0.10265138147334386 0.10872675250357652
6 0.9419348595758243 0.07296137339055794 0.09397661684179354 0.10586552217453506
10 0.9433806536810827 0.5672389127324751 0.09975979326282726 0.10157367668097286
7 0.06650652884188477 0.07081545064377683 0.11566352842066915 0.1072961373390558
3 0.06433783768399721 0.5650929899856938 0.10843455789437734 0.10872675250357659
3 0.18867613073621656 0.6924177396280402 0.10265138147334386 0.10586552217453502
3 0.19301351305199163 0.8154506437768241 0.09686820505231036 0.10586552217453515
0 0.4416900991564303 0.8111587982832618 0.10265138147334384 0.11158798283261788
0 0.31879760020946935 0.5658082975679543 0.1142177343154108 0.10729613733905588
3 0.6918124793661269 0.8190271811259943 0.11132614610489404 0.09871244747619551
5 0.4416900991564303 0.9449213161659514 0.10554296968386055 0.11015736766809724
4 0.8161507724183467 0.8133047210300429 0.11421773431541084 0.11874105865522168
1 0.1908555656338694 0.9413447782546486 0.10411866305813292 0.11731044349070098
