9 0.06128755364806868 0.19742489270386265 0.09950214592274678 0.10014306151645208
9 0.18674678111587983 0.19313304721030045 0.09661802575107296 0.10872675250357652
9 0.9387811158798283 0.19742489270386265 0.10094420600858371 0.1087267525035765
9 0.816206008583691 0.32689556509298995 0.10094420600858371 0.1101573676680973
11 0.566008583690987 0.07296137339055794 0.0995021459227469 0.10872675250357655
11 0.6900257510729614 0.07153075822603719 0.093733905579399 0.10872675250357652
8 0.43333905579399146 0.6917024320457797 0.10238626609442057 0.10443490701001423
6 0.5602403433476395 0.43919885550786847 0.10238626609442057 0.10872675250357652
10 0.4376652360515021 0.1959942775393419 0.10815450643776821 0.1087267525035765
7 0.06272961373390558 0.06938483547925607 0.10815450643776824 0.11301859799713876
3 0.0591244635193133 0.8211731044349071 0.09229184549356223 0.10300429184549344
3 0.1903519313304721 0.8211731044349071 0.09806008583690985 0.10586552217453502
3 0.3136480686695279 0.698140200286123 0.10527038626609443 0.09155937052932757
3 0.9380600858369098 0.8140200286123033 0.09373390557939913 0.10872675250357659
5 0.5638454935622318 0.9370529327610874 0.11248068669527889 0.10586552217453502
5 0.3150901287553648 0.9420600858369099 0.10238626609442057 0.10157367668097293
2 0.18530472103004292 0.6938483547925608 0.10815450643776824 0.10300429184549359
4 0.4391072961373389 0.5679542199399809 0.10815450643776824 0.11158798358212729
4 0.8133218884120171 0.4427753934191702 0.11536480686695284 0.1044349070100143
1 0.18746781115879826 0.9363376251788269 0.10959656652360512 0.11015736766809738
