9 0.0605652451830883 0.19313304721030045 0.1095942531884455 0.11158798283261802
9 0.18890588378534684 0.19313304721030045 0.10382613459957993 0.1144492131616595
9 0.31075738897513167 0.19456366237482117 0.09950004565793083 0.10300429184549356
9 0.814025735853651 0.19098712446351931 0.09950004565793065 0.11874105865522172
11 0.4376559979301738 0.06723891273247495 0.09373192706906522 0.09728183118741057
11 0.5667176513560406 0.06723891273247495 0.09228989742184886 0.117310443490701
8 0.43549295345934924 0.1938483547925608 0.10094207530514723 0.1072961373390558
6 0.31219941862234807 0.43705293276108725 0.10815222354122912 0.11587982832618024
10 0.5623915624143915 0.19098712446351931 0.11536237177731103 0.12446351931330472
7 0.18962689860895504 0.06223175965665236 0.10526816424679632 0.11015736766809729
3 0.06417031930112928 0.8197424892703863 0.10526816424679634 0.09155937052932757
3 0.18890588378534684 0.69241773962804 0.09228989742184884 0.10300429184549359
3 0.31940956685842997 0.8197424892703863 0.07931163059690138 0.09728183118741071
3 0.43693498310656564 0.6945636623748211 0.09805801601071444 0.10443490701001418
3 0.3907900343956412 0.6945636623748211 0.005768118588865505 0.007153075822603796
0 0.5681596810032569 0.5701001430615165 0.11824643107174382 0.11015736766809738
5 0.9387613003378686 0.9406294706723891 0.10382613459957994 0.11015736766809738
5 0.4412610720482148 0.9377682403433476 0.09517395671628165 0.09871244635193137
4 0.5681596810032569 0.8147353361945636 0.10382613459958001 0.11301859799713868
0 0.19106892825617144 0.8125894134477827 0.10815222354122911 0.11158798283261817
1 0.19251095790338785 0.9291845493562232 0.1110362828356619 0.11587982832618039
