9 0.43991416309012876 0.567238912732475 0.09012875536480686 0.11015736766809738
9 0.6888412017167381 0.8218884120171674 0.10157367668097286 0.10443490701001423
9 0.8133047210300429 0.8211731044349071 0.1015736766809728 0.10586552217453502
9 0.9399141630901287 0.6931330472103006 0.10872675250357659 0.1015736766809728
11 0.06151645207439199 0.9406294706723891 0.11158798283261805 0.1072961373390558
8 0.6852646638054364 0.9427753934191702 0.10586552217453508 0.11158798283261817
6 0.9370529327610874 0.5622317596566524 0.10872675250357659 0.12017167381974246
10 0.30972818311874106 0.8168812589413449 0.11301859799713874 0.11731044349070104
3 0.8161659513590844 0.9377682403433476 0.11874105865522182 0.11874105865522168
3 0.30686695278969955 0.31402002861230327 0.11301859799713874 0.11015736766809735
3 0.43848354792560795 0.44277539341917027 0.09585121602288986 0.1072961373390558
3 0.8118741058655222 0.3125894134477825 0.10443490701001423 0.10729613733905577
3 0.8140200286123033 0.18741058655221746 0.11158798283261802 0.10872675250357654
5 0.5622317596566524 0.05865522174535049 0.1115879828326181 0.1144492131616595
2 0.6866952789699569 0.31187410542830846 0.11158798283261799 0.11731044436512832
2 0.3082975679542203 0.43776824034334766 0.11015736766809724 0.11731044349070104
0 0.6874105865522175 0.059370529327610874 0.12160228898426319 0.11874105865522175
4 0.30901287553648066 0.18526466380543632 0.10872675250357645 0.11301859799713877
1 0.8140200286123033 0.061516452074391985 0.12017167381974246 0.12017167381974249
