9 0.0690177199476198 0.31974248927038623 0.10672843290869041 0.10729613733905577
9 0.189265087691411 0.31616595135908443 0.10530538713657457 0.1144492131616595
9 0.6894656765901399 0.19456366237482117 0.0896518836432999 0.10586552217453503
9 0.8118476129921051 0.31974248927038623 0.09819015827599514 0.10729613733905577
11 0.567795263074233 0.5686695278969957 0.10530538713657457 0.11587982832618032
11 0.8175397960805685 0.06795422031473534 0.09534406673176335 0.1072961373390558
10 0.3144931156376078 0.3190271816881259 0.11668975331350158 0.1144492131616595
7 0.06546010551733011 0.1917024320457797 0.11668975331350152 0.11731044349070098
3 0.061902491087040434 0.8197424892703862 0.10957452445292215 0.10300429184549344
3 0.19424574789381654 0.8175965665236052 0.0924979751875317 0.11301859799713881
3 0.311647024093376 0.8254649499284693 0.10530538713657457 0.10586552217453502
3 0.9377871638243599 0.8175965665236052 0.10530538713657464 0.10729613733905566
5 0.8125591358781631 0.9463519313304721 0.10245929559234285 0.1015736766809728
5 0.311647024093376 0.9399141630901288 0.09961320404811101 0.10586552217453515
4 0.9402320775711334 0.5686695282717504 0.11953584485773333 0.12160228898426334
1 0.18997661057746895 0.9413447782546496 0.11242061599715387 0.10872675250357659
