9 0.05809483371967593 0.30472103004291845 0.11045190608432214 0.12017167381974246
9 0.18145670285281493 0.1881258941344778 0.09610750269674784 0.09585121602288986
9 0.31055633334098365 0.19241773962804007 0.10758302540680735 0.09871244635193131
11 0.6870969222648091 0.06080114449213161 0.11762410777810935 0.10729613733905578
11 0.6885313626035665 0.5629470672389127 0.09754194303550541 0.11015736766809738
9 0.5623006127929127 0.5622317596566524 0.09754194303550534 0.1144492131616596
6 0.31199077367974104 0.3111587982832618 0.10758302540680727 0.11301859799713874
10 0.6885313626035665 0.18454935622317595 0.09754194303550541 0.11731044349070102
7 0.18719446420784464 0.06366237482117311 0.1075830254068073 0.11587982832618027
3 0.05809483371967595 0.6902718173809318 0.09323862201923301 0.10729613633970994
3 0.18719446420784464 0.8168812589413449 0.0903697413417181 0.10300429184549373
3 0.31127355351036196 0.8161659502972795 0.09180418168047544 0.10443490513624103
3 0.9445789630717678 0.8147353361945636 0.10184526405177763 0.11301859799713868
5 0.5630178329622914 0.8118741058655223 0.09897638337426279 0.11301859799713881
5 0.5644522733010487 0.938483547925608 0.11332078676183699 0.1144492131616596
2 0.3091218930022262 0.6874105865522173 0.11045190608432218 0.11301859799713881
4 0.813327672075463 0.9377682403433476 0.12049298845562419 0.11587982832618024
1 0.18432558353032977 0.9370529323238734 0.10758302540680727 0.10872675337800414
