9 0.19241773962804004 0.4406294706723891 0.09012875536480688 0.11444921316165953
9 0.315450643776824 0.32045779685264664 0.09871244635193133 0.10300429184549355
9 0.5636623748211731 0.43776824034334766 0.10586552217453508 0.10586552217453502
9 0.8118741058655222 0.43991416309012876 0.10157367668097293 0.1072961373390558
11 0.4413447782546496 0.06580829756795421 0.11587982832618032 0.12017167381974249
6 0.5608011444921317 0.3147353361945637 0.1030042918454935 0.10872675250357659
6 0.8161659513590844 0.19098712446351931 0.11874105865522182 0.1101573676680973
7 0.8154506437768235 0.3161659511717072 0.10872675250357655 0.1115879832073727
7 0.8140200286123033 0.06366237482117311 0.1173104434907009 0.12160228898426323
3 0.18812589413447786 0.6931330472103006 0.09298998569384836 0.10443490701001437
3 0.31473533619456356 0.8211731040601523 0.09728183118741057 0.10300429259500278
3 0.5658082975679543 0.5679542203147353 0.09871244635193137 0.10872675250357659
3 0.815450643776824 0.8175965665236052 0.10014306151645215 0.11874105865522168
5 0.9363482561234241 0.9427753934191702 0.11017862955729185 0.1144492131616596
0 0.8082975679542201 0.5615164514498011 0.10300429184549344 0.10729613733905588
0 0.6902718168812589 0.6938483547925608 0.1044349070100143 0.12017167381974246
4 0.8147353361945636 0.6917024320457797 0.11301859799713868 0.11587982832618024
1 0.18955650929899856 0.9406294706723891 0.11587982832618024 0.11874105865522182
