9 0.0661725571019285 0.19313304721030045 0.09249927336828716 0.11731044349070098
9 0.1921138754572118 0.3190271816881259 0.09961460208892464 0.09728183118741057
9 0.690186885901835 0.3240343347639485 0.09107620762415976 0.09012875536480695
9 0.9385118582520827 0.19027181688125894 0.09249927336828705 0.10586552217453506
11 0.3173436609404313 0.06795422031473533 0.1109991280419446 0.11587982832618024
11 0.5663801661627429 0.06652360515021458 0.0882300761359047 0.11874105865522173
6 0.31592059519630383 0.3133047210300429 0.10246073357717968 0.11731044349070097
10 0.5642455675465516 0.8190271816881258 0.11811445676258202 0.11301859799713881
7 0.1935369412013393 0.06366237482117311 0.1195375225067096 0.12160228898426323
3 0.06546102422986476 0.8183118741058655 0.10815299655368961 0.10586552217453502
3 0.18926774396895682 0.8168812589413448 0.09676847060066963 0.11158798283261802
5 0.3194782595566225 0.9449213161659514 0.09819153634479715 0.11015736766809724
5 0.4418619135515871 0.9442060085836911 0.10103766783305211 0.10872675250357659
0 0.5635340346744879 0.6931330472103006 0.1109991280419446 0.12160228898426319
3 0.06474949135780102 0.6938483547925608 0.11526832527432708 0.12017167381974246
3 0.9370887925079552 0.821173104434907 0.09249927336828719 0.11158798283261802
1 0.06973022146224722 0.9363376246166947 0.10815299655368955 0.11301859912140194
3 0.6916099516459624 0.4413447782546496 0.09107620762415962 0.11301859799713874
