9 0.6909871244635194 0.8133047210300429 0.09442060085836915 0.11015736766809738
9 0.815450643776824 0.8197424892703862 0.08297567954220299 0.10300429184549344
9 0.9370529327610874 0.6917024320457797 0.10586552217453502 0.10729613733905588
11 0.184549356223176 0.9391988555078683 0.1001430615164521 0.10729613733905595
11 0.31187410586552217 0.5622317596566524 0.09728183118741057 0.1115879828326181
6 0.43919885550786847 0.9406294706723891 0.12589413447782555 0.11874105865522182
6 0.5608011444921316 0.6931330472103006 0.10586552217453508 0.11301859799713874
7 0.6895565092989984 0.6917024317334841 0.10872675250357658 0.11015736829268798
7 0.8183118741058655 0.9413447782546496 0.10586552217453502 0.11731044349070104
9 0.1881258941344778 0.6917024320457797 0.1015736766809728 0.11587982832618024
3 0.18741058655221743 0.5686695278969957 0.10300429184549355 0.10443490701001423
3 0.693848354792561 0.1938483543553471 0.09442060085836902 0.09871244722635879
3 0.8161659513590845 0.18955650929899856 0.09298998569384835 0.1044349070100143
3 0.8125894134477825 0.3190271816881259 0.10300429184549359 0.10586552217453506
5 0.44206008583690987 0.06366237482117311 0.11444921316165953 0.11587982832618027
5 0.43633762517882685 0.6917024320457795 0.10014306151645208 0.11301859799713881
2 0.6866952789699571 0.3118741058655222 0.10872675250357638 0.11444921316165953
0 0.43776824034334766 0.5629470672389126 0.11158798283261802 0.11587982832618024
4 0.18669527896995708 0.06008583690987125 0.12160228898426323 0.11444921316165953
1 0.8147353361945636 0.060085836909871244 0.11301859799713868 0.12017167381974249
