9 0.06741058655221745 0.32117310443490704 0.11162613257033857 0.1072961373390558
9 0.31820696232713397 0.19241773962804004 0.08553171196948021 0.09585121602288985
9 0.818350023843586 0.19599427753934193 0.10002861230329047 0.10586552217453503
9 0.9415736766809727 0.19456366237482117 0.08263233190271806 0.1001430615164521
11 0.19353361945636624 0.06723891273247498 0.10872675250357654 0.11158798283261805
11 0.9437482117310444 0.06938483547925609 0.09857892226990927 0.1072961373390558
10 0.315307582260372 0.31616595135908443 0.11742489270386265 0.1144492131616595
3 0.1920839294229852 0.19098712421368286 0.12032427277062471 0.11874105915489455
3 0.06596089651883644 0.8111587982832618 0.11162613257033857 0.10872675250357659
3 0.1920839294229852 0.8133047210300429 0.09712923223652835 0.10443490701001437
3 0.31168335717691936 0.8125894134477825 0.11017644253695749 0.10872675250357645
5 0.44432999523128275 0.8133047210300429 0.09422985216976627 0.11015736766809738
5 0.44360515021459224 0.938483547925608 0.12467334287076774 0.10586552217453515
4 0.6987505960896518 0.5636623748211731 0.11017644253695763 0.11444921316165946
3 0.9430233667143537 0.8097281831187411 0.10872675250357659 0.11731044349070117
1 0.1971578445398188 0.9349070100143061 0.11017644253695756 0.11874105865522168
