9 0.06047687172150691 0.3125894134477825 0.08395612780162136 0.1044349070100143
9 0.43756795422031475 0.43490701001430615 0.10103195040534096 0.11158798283261802
9 0.5649251311397234 0.5686695278969957 0.09676299475441112 0.09871244635193144
9 0.692282308059132 0.4434907010014307 0.08395612780162125 0.1030042918454935
11 0.9356127801621364 0.18955650929899856 0.1067238912732475 0.1044349070100143
11 0.3130567477348593 0.1888412017167382 0.08253314258464481 0.10300429184549355
8 0.18356509298998572 0.3133047210300429 0.10530090605627088 0.10300429184549355
6 0.18641106342393898 0.18955650929899856 0.10245493562231758 0.1072961373390558
10 0.3066533142584645 0.3104434907010014 0.10956986170720072 0.10586552217453502
3 0.05691940867906535 0.18812589394710053 0.10530090605627089 0.11587982870093491
3 0.18214210777300907 0.6924177396280402 0.09391702432045779 0.10586552217453502
3 0.3094992846924177 0.8175965665236052 0.10387792083929419 0.10443490701001437
3 0.5649251311397234 0.6945636623748211 0.09107105388650454 0.1015736766809728
5 0.6894363376251788 0.5672389127324748 0.08964806866952785 0.10729613733905573
5 0.8103900810681927 0.9456366237482118 0.10387792083929426 0.10872675250357659
5 0.8103900810681927 0.060085836909871244 0.09818597997138767 0.10872675250357654
0 0.5620791607057702 0.8175965665236052 0.09960896518836435 0.10729613733905566
4 0.4340104911778732 0.5643776824034334 0.1138388173581307 0.12160228898426333
1 0.184276585598474 0.8161659513590844 0.11526180257510729 0.11874105865522182
