9 0.07776809323638985 0.20529327610872675 0.09560481186858936 0.10157367668097278
9 0.3224878728701671 0.20743919885550788 0.08561624943455762 0.0886981402002861
9 0.3224878728701671 0.5650929899856939 0.09703174935916517 0.10300429184549348
9 0.9246554938932223 0.20314735336194562 0.08847012441570953 0.10586552217453502
11 0.9267959001290863 0.07510729613733905 0.09275093688743738 0.10729613733905578
11 0.44306409082383574 0.08011444921316166 0.08704318692513353 0.10872675250357654
10 0.5593594963057764 0.5600858369098712 0.10844724928377303 0.1072961373390558
7 0.20048471742592244 0.0765379113018598 0.10702031179319704 0.11874105865522175
3 0.07634115574581389 0.6888412017167382 0.09845868684974128 0.09871244635193137
3 0.19763084244477053 0.8097281831187411 0.10416643681204513 0.10300429184549359
3 0.3174935916531512 0.8068669527896994 0.09845868684974125 0.09728183118741057
3 0.9289363063649503 0.8068669527896994 0.1027394993214692 0.11731044349070104
4 0.6835030579858851 0.19670958512160233 0.11700887422722879 0.11587982832618028
5 0.19905777993534648 0.9256080112575441 0.10987418677434894 0.11158798320737245
5 0.9260824313837983 0.9298998569384835 0.09417787437801337 0.10586552217453515
5 0.31892052914372715 0.9277539341917024 0.10987418677434896 0.10443490701001423
