9 0.06831567893343073 0.32045779685264664 0.09923751255593094 0.10586552217453502
9 0.19056478860378046 0.19170243204577972 0.09923751255593097 0.10872675250357655
9 0.31497123550360695 0.19027181688125894 0.08916993881837275 0.10300429184549355
11 0.6939434754816911 0.06580829756795423 0.11649621039174513 0.10872675250357654
6 0.5645032417130855 0.315450643776824 0.10499041183453571 0.1044349070100143
10 0.191283901013606 0.3183118741058654 0.10930508629348915 0.10729613733905576
10 0.13878869509633823 0.31402002861230327 0.0071911240982558584 0.0157367668097282
9 0.6925052506620397 0.4434907010014301 0.09348461327732598 0.11444921316165939
9 0.6493585060725047 0.44134477825464946 0.01582047301616285 0.01573676680972824
3 0.06472011688430279 0.19098712490073302 0.11505798557209386 0.1101573667936698
3 0.06543922929412839 0.8147353361945636 0.1021139621952333 0.1015736766809728
3 0.1869692265546525 0.6874105865522173 0.09779928773627976 0.11301859799713881
3 0.3178476851429093 0.8197424892703862 0.10067573737558216 0.094420600858369
3 0.4408159072230846 0.8125894134477825 0.10211396219523322 0.10872675250357645
5 0.6917861382522145 0.9391988555078683 0.10355218701488454 0.11015736766809724
0 0.44009679481325903 0.6917024320457797 0.10067573737558205 0.11015736766809717
4 0.5645032417130855 0.43848354792560795 0.11937266003104739 0.11587982832618032
1 0.19272212583325718 0.9384835483628216 0.11505798557209382 0.11444921403608742
