9 0.05537087844324784 0.5665236051502146 0.09635971053760013 0.09728183118741064
9 0.18409019326586296 0.6902718168812589 0.10355073371204793 0.11301859799713868
9 0.8140238233474878 0.8183118741058655 0.09779791517248966 0.10586552217453502
9 0.9312375010909864 0.8211731044349071 0.09348330126782102 0.09728183118741057
6 0.18696660253564204 0.8111587982832618 0.10642714298182701 0.11731044349070104
3 0.5594616029720366 0.315450643776824 0.10930355225160611 0.11587982832618024
11 0.6860236108423174 0.9406294706723891 0.10067432444226888 0.11301859799713868
7 0.935552114995655 0.9399141630901287 0.10786534761671661 0.11444921316165946
3 0.05968549234791651 0.43848354792560795 0.09923611980737924 0.11587982832618032
3 0.1920003187577555 0.19742489370320832 0.10786534761671658 0.11444921316165953
3 0.8089901071253743 0.31759656652360513 0.10498893834693745 0.117310443490701
3 0.939147626582879 0.19313304721030045 0.08629227809337323 0.12017167381974249
5 0.31209040577103325 0.6852646638054364 0.09492150590271059 0.10872675250357659
0 0.43146139046686627 0.555793991416309 0.09779791517248966 0.1101573676680973
4 0.43649510668897973 0.06223175965665236 0.1164945754260539 0.11301859799713877
1 0.9319566034084312 0.0636623748211731 0.1179327800609434 0.12446351931330471
