9 0.06543739734011551 0.1917024320457797 0.11361657999712364 0.12017167381974246
11 0.1891212692357184 0.32117310518441633 0.10211110354171873 0.10157367518195447
11 0.06040375139087585 0.44206008583690987 0.11505476455404924 0.11444921316165953
11 0.31855787935902385 0.06294706723891273 0.09348199620016509 0.12303290414878397
10 0.310647864295933 0.3197424892703863 0.11217839544019796 0.1101573676680973
10 0.44152265897616394 0.3147353361945637 0.10354928809864433 0.11444921316165953
7 0.0647183050616527 0.06938483547925609 0.10930202632634678 0.11587982832618028
9 0.5630492540363785 0.31616595135908443 0.10786384176942107 0.11158798283261802
9 0.6888904027673698 0.19384835479256082 0.09492018075709055 0.10443490701001432
3 0.06399921278318989 0.8168812589413449 0.09923473442786747 0.10586552217453502
3 0.18768308467879283 0.8133047210300429 0.09060562708631378 0.10729613733905566
3 0.3149624179667098 0.8133047210300429 0.1064256572124955 0.11015736766809738
3 0.6874522182104442 0.6866952789699571 0.09779654987094183 0.11158798283261802
5 0.3149624179667098 0.9370529327610874 0.09492018075709062 0.10586552217453502
5 0.44008447441923837 0.9377682403433476 0.10930202632634682 0.09871244635193137
4 0.6867331259319814 0.3175965661488504 0.10786384176942115 0.11158798358212713
4 0.5644874385933041 0.6895565092989986 0.11649294911097485 0.11731044349070104
1 0.1912785460711069 0.9356223175965664 0.10642565721249556 0.11731044349070104
