9 0.4434907010014306 0.43705293276108725 0.12589413447782546 0.12160228898426326
9 0.5665236051502146 0.561516452074392 0.1173104434907011 0.11874105865522161
9 0.6917024320457795 0.43848354792560795 0.11301859799713881 0.1101573676680973
9 0.06580829756795421 0.3125894134477825 0.117310443490701 0.11874105865522175
11 0.3133047210300429 0.1866952789699571 0.1144492131616595 0.11301859799713877
11 0.9413447782546496 0.1881258941344778 0.10300429184549359 0.11301859799713877
8 0.19098712446351931 0.31115879828326176 0.1072961373390558 0.11015736766809728
6 0.19241773962804004 0.18526466380543635 0.11587982832618023 0.11874105865522176
10 0.567238912732475 0.8125894134477827 0.11015736766809738 0.11158798283261817
7 0.06580829756795423 0.1859799713876967 0.11444921316165953 0.11158798283261802
3 0.19170243204577972 0.6938483547925608 0.10872675250357655 0.09728183118741057
3 0.5665236051502146 0.6902718168812589 0.10872675250357652 0.11015736766809738
3 0.6931330472103003 0.5658082975679543 0.1101573676680973 0.10729613733905588
5 0.8218884120171674 0.060801144492131615 0.1072961373390558 0.11301859799713877
5 0.824749642346209 0.9427753934191702 0.1015736766809728 0.10872675250357645
4 0.4413447782546496 0.5622317596566524 0.1101573676680973 0.10300429184549359
1 0.19241773962804004 0.5643776824034334 0.11587982832618023 0.11587982832618032
