9 0.06024563966761026 0.43848354792560795 0.10327823943018903 0.11301859799713874
9 0.18790901896326062 0.31616595135908443 0.10327823943018903 0.10586552217453508
9 0.31198634827869604 0.19098712446351931 0.10184381943810308 0.10157367668097284
9 0.9381106748242171 0.5658082975679543 0.08893403950932935 0.10157367668097286
11 0.9381106748242172 0.06509298998569385 0.10614707941436094 0.11587982832618027
6 0.18647459897117463 0.1881258941344778 0.10901591939853289 0.11587982832618028
10 0.5644442668858248 0.19027181675634072 0.11045033939061881 0.10586552217453506
7 0.18504017897908867 0.06437768240343347 0.11475359936687671 0.12017167381974249
3 0.0588112196755243 0.815450643776824 0.10614707941436094 0.11444921316165946
3 0.18575738897513167 0.69241773962804 0.09323729948558734 0.10872675250357652
3 0.313420768270782 0.5665236051502146 0.10184381943810311 0.10586552217453508
3 0.4389325175783034 0.44420600858369097 0.1090159193985329 0.10157367668097286
5 0.557989376921438 0.938483547925608 0.11475359936687667 0.11158798283261802
2 0.5601410069095669 0.3168812589413448 0.11618801935896265 0.11301859799713874
4 0.9330902048519163 0.8125894134477825 0.107581499406447 0.10300429184549359
1 0.1857573889751317 0.8133047210300429 0.09897497945393116 0.11301859799713881
