9 0.06383124053687912 0.8175965665236052 0.11331838207670676 0.11587982832618024
9 0.18719049191152196 0.6974248927038628 0.09036782368142436 0.10443490701001437
9 0.5622886806844184 0.4463519313304721 0.09753987317995012 0.10872675250357645
9 0.6885167518584714 0.5686695278969957 0.10040869297936034 0.10443490701001423
11 0.4403638392094807 0.8161659513590844 0.10614633257818105 0.1072961373390558
11 0.3127013581357225 0.4413447782546496 0.1032775127787707 0.11587982832618032
6 0.8161792329322297 0.8183118741058655 0.09467105338053983 0.1144492131616596
10 0.5644402955339761 0.6902718168812589 0.12192484147493765 0.11587982832618017
7 0.8161792329322297 0.9399141630901287 0.10901515237759128 0.10872675250357659
3 0.18647328696166937 0.5679542203147353 0.10901515237759131 0.1144492131616596
3 0.9381040744071675 0.5679542203147353 0.09467105338053983 0.1144492131616596
3 0.814027618082672 0.3190271816881259 0.10471192267847584 0.11158798283261802
3 0.6892339568083241 0.1959942775393419 0.08749900388201425 0.10300429184549356
5 0.5579854509853029 0.07081545064377684 0.10901515237759135 0.1130185979971388
5 0.061679625687321396 0.19456366237482114 0.11475279197641192 0.117310443490701
2 0.6863651370089137 0.44206008583690987 0.10758074247788613 0.10586552217453502
4 0.810441593333409 0.5658082975679541 0.1118839721770017 0.11015736766809724
1 0.8118760032331143 0.0665236051502146 0.10901515237759128 0.11301859799713877
