9 0.8140200286123033 0.19384835479256082 0.07725321888412026 0.10157367668097281
9 0.9399141630901292 0.19027181688125896 0.09728183118741006 0.10872675250357659
9 0.06151645207439198 0.3168812589413448 0.10872675250357652 0.10729613733905573
9 0.1859799713876967 0.1866952789699571 0.10586552217453503 0.11301859799713877
11 0.31831187410586553 0.06509298998569385 0.09012875536480681 0.11301859799713877
11 0.9349070100143061 0.06652360515021459 0.09871244635193151 0.10729613733905578
6 0.6881258941344778 0.060801144492131615 0.10872675250357645 0.11301859799713877
10 0.6902718168812589 0.6888412017167381 0.11015736766809738 0.1072961373390558
7 0.1881258941344778 0.060801144492131615 0.11301859799713877 0.12160228898426323
3 0.9370529327610874 0.8147353361945636 0.09728183118741057 0.10729613733905595
3 0.3168812589413448 0.8233190279311973 0.10443490701001433 0.1015736766809728
3 0.1881258941344778 0.8175965665236052 0.09871244635193133 0.10443490701001437
3 0.06294706723891272 0.8168812589413448 0.10586552217453503 0.10872675250357645
5 0.43848354792560795 0.9420600858369099 0.11301859799713874 0.11015736766809724
5 0.43776824034334766 0.43919885550786847 0.09728183118741057 0.10872675250357652
0 0.18741058655221746 0.31402002861230327 0.10586552217453503 0.11301859799713874
4 0.06080114449213161 0.43848354792560795 0.11015736766809728 0.11301859799713874
1 0.19241773962804007 0.9370529327610874 0.1072961373390558 0.10872675250357659
