9 0.06509298998569385 0.5686695278969957 0.09871244635193133 0.09585121602288986
9 0.1888412017167382 0.6952789699570815 0.09155937052932762 0.10014306151645215
9 0.31616595135908443 0.8183118741058655 0.09442060085836904 0.10872675250357645
9 0.43490701001430615 0.6917024320457797 0.09728183118741057 0.10729613733905588
11 0.9341917024320457 0.9334763948497854 0.11731044349070104 0.12160228898426326
6 0.19456366237482114 0.8111587982832618 0.10872675250357655 0.10586552217453502
10 0.19241773962804007 0.315450643776824 0.10157367668097281 0.11301859799713877
7 0.1917024320457797 0.9370529327610871 0.10300429184549359 0.12017167381974246
3 0.31616595135908443 0.44206008583690987 0.09155937052932764 0.10014306151645208
3 0.44206008583690987 0.5686695278969957 0.08297567954220313 0.10157367668097286
2 0.5643776824034336 0.6902718168812589 0.11015736766809724 0.10729613733905573
5 0.6859799713876967 0.43919885550786836 0.11015736766809724 0.11158798283261802
4 0.6895565092989986 0.19241773962804004 0.10586552217453495 0.11587982832618023
3 0.8147353361945636 0.19098712446351931 0.09298998569384835 0.1101573676680973
3 0.9356223175965666 0.315450643776824 0.0858369098712447 0.1015736766809728
1 0.8104434907010014 0.062231759656652355 0.11015736766809724 0.11587982832618024
