9 0.684549356223176 0.8111587982832618 0.12160228898426326 0.12017167381974246
9 0.8082975679542205 0.8133047210300429 0.12017167381974261 0.12160228898426326
9 0.9341917024320457 0.6874105865522173 0.12017167381974246 0.11874105865522175
11 0.5608011444921316 0.5665236051502146 0.09728183118741064 0.10872675250357652
11 0.43776824034334766 0.9399141630901288 0.09728183118741057 0.10300429184549359
11 0.5636623748211731 0.9427753934191702 0.09442060085836906 0.09728183118741057
10 0.43133047210300435 0.4377682396562974 0.1015736766809729 0.11444921478559607
10 0.3104434907010014 0.43919885550786836 0.11444921316165953 0.11158798283261802
7 0.8090128755364806 0.938483547925608 0.11587982832618024 0.1144492131616596
3 0.06223175965665236 0.315450643776824 0.11874105865522175 0.11587982832618024
3 0.6852646638054364 0.18955650929899856 0.11158798283261788 0.1130185979971388
3 0.80758226037196 0.19098712446351931 0.1072961373390558 0.11301859799713876
3 0.9370529327610871 0.19527896995708155 0.12017167381974246 0.10443490701001429
5 0.19027181688125894 0.06795422031473533 0.10300429184549355 0.11587982832618024
5 0.5629470672389127 0.06866952789699571 0.11015736766809738 0.11158798283261802
0 0.06580829756795423 0.06294706723891273 0.11444921316165953 0.117310443490701
1 0.4370529327610872 0.8104434909508376 0.11587982832618021 0.11587982957536173
1 0.8125894134477825 0.06366237469625484 0.1030042918454935 0.11874106015424016
