9 0.3167563639666644 0.823319027181688 0.11129277652882802 0.10729613733905566
9 0.6912993619002202 0.8218884120171674 0.10701228512387317 0.09298998569384849
9 0.6905859466660612 0.4449213161659513 0.0998781327822816 0.10300429184549366
11 0.8168604431122322 0.4477825472445021 0.10130496325059997 0.10586552067551662
11 0.44374427564699387 0.9406294706723892 0.09702447184564499 0.10443490701001437
10 0.6884457009635837 0.5636623749460912 0.1041586241872365 0.11444921291182278
10 0.4401771994761981 0.6888412017167382 0.11842692887041956 0.11015736766809724
7 0.9374276176851285 0.815450643776824 0.11129277652882806 0.11444921316165946
3 0.31532953349834614 0.4427753934191702 0.10843911559219141 0.11587982832618017
3 0.4430308604128346 0.567238912732475 0.1070122851238731 0.11301859799713881
3 0.6884457009635837 0.19384835479256082 0.09845130231396325 0.11015736766809728
3 0.8090128755364807 0.1938483547925608 0.09131714997237168 0.1072961373390558
5 0.5664516959223682 0.0665236051502146 0.09987813278228153 0.11587982832618027
4 0.06777444724511965 0.5665236051502146 0.10986594606050973 0.10872675250357652
1 0.8132933669414356 0.06509298998569385 0.11129277652882806 0.11874105865522175
0 0.5635980349857317 0.43991416309012876 0.11129277652882813 0.11587982832618024
