9 0.06151645207439198 0.3125894134477825 0.10872675250357652 0.11587982832618017
9 0.1859799713876967 0.19098712446351931 0.10872675250357652 0.1072961373390558
9 0.3147353361945637 0.18955650929899853 0.08869814020028613 0.09871244635193133
9 0.938483547925608 0.18741058655221746 0.10586552217453515 0.11158798283261802
11 0.5622317596566524 0.06008583690987125 0.1115879828326181 0.11444921316165953
6 0.3125894134477825 0.31402002861230327 0.10157367668097277 0.1072961373390558
10 0.9377682403433476 0.8111587982832618 0.11015736766809738 0.12017167381974246
7 0.18383404864091574 0.06509298998569385 0.10443490701001455 0.11587982832618024
3 0.06008583690987123 0.80758226037196 0.111587982832618 0.1216022889842634
3 0.18812589413447786 0.8133047210300429 0.09012875536480687 0.11015736766809738
3 0.30615164520743915 0.8175965665236052 0.10872675250357655 0.10157367668097293
3 0.8111587982832618 0.8125894134477825 0.10872675250357659 0.10872675250357645
2 0.3118741058655222 0.6881258941344778 0.11444921316165953 0.10872675250357645
4 0.3104434907010014 0.5593705293276109 0.10872675250357655 0.1173104434907011
5 0.4406294706723891 0.9356223175965664 0.10872675250357652 0.10872675250357659
1 0.18741058655221746 0.9327610868927707 0.12017167381974245 0.11444921391116863
