9 0.06223175965665236 0.6909871244635193 0.10157367668097284 0.10014306151645201
9 0.19527896995708155 0.8168812589413449 0.09298998569384835 0.10300429184549373
9 0.6888412017167381 0.8183118741058655 0.1072961373390558 0.09155937052932757
9 0.9334763948497854 0.8147353361945636 0.12446351931330484 0.11301859799713868
6 0.8133047210300429 0.8104434907010014 0.09012875536480693 0.1072961373390558
10 0.31258941344778257 0.6866952789699571 0.11301859799713884 0.1173104434907011
11 0.06366237482117311 0.9370529327610874 0.12160228898426323 0.12303290414878404
7 0.8140200286123033 0.9341917024320457 0.10586552217453502 0.11731044349070104
3 0.060085836909871244 0.3147353361945637 0.10586552217453506 0.1030042918454935
3 0.1866952789699571 0.18955650929899856 0.10157367668097284 0.1015736766809728
3 0.8097281831187411 0.19170243204577972 0.10014306151645201 0.10586552217453506
3 0.9327610872675249 0.1888412017167382 0.09442060085836915 0.11158798283261805
5 0.43419170243204575 0.06151645207439199 0.09298998569384835 0.12303290414878398
2 0.3133047210300429 0.315450643776824 0.1144492131616595 0.11587982832618024
4 0.561516452074392 0.8104434907010014 0.11301859799713888 0.11587982832618039
1 0.811874105865522 0.06294706723891273 0.11874105865522168 0.12589413447782546
