9 0.18741058655221746 0.19885550786838338 0.11158798283261802 0.10300429184549355
9 0.43919885550786847 0.449928469241774 0.10586552217453508 0.10443490701001437
9 0.5636623748211731 0.5708154506437768 0.09728183118741064 0.09728183118741064
9 0.9399141630901288 0.5751072961373391 0.09728183118741071 0.09442060085836915
11 0.9399141630901288 0.06437768240343347 0.10300429184549359 0.11158798283261802
11 0.06223175965665236 0.06580829756795423 0.11015736766809729 0.10872675250357654
8 0.43633762517882685 0.1917024320457797 0.1030042918454935 0.11158798283261802
6 0.6895565092989986 0.4434907010014307 0.094420600858369 0.1115879828326181
6 0.6866952789699571 0.31402002861230327 0.09728183118741064 0.11874105865522168
7 0.5650929899856938 0.32045779685264664 0.11731044349070104 0.12303290414878401
10 0.8118741058655222 0.6874105865522173 0.12446351931330468 0.11301859799713881
3 0.1888412017167382 0.31974248927038623 0.10872675250357654 0.10729613733905577
3 0.3147353361945636 0.4427753934191702 0.09728183118741054 0.1101573676680973
5 0.5665236051502146 0.8204577974772377 0.10586552217453508 0.1015736766809728
5 0.9399141630901288 0.9427753934191702 0.09442060085836915 0.10586552217453502
3 0.8097281831187411 0.8190271816881259 0.094420600858369 0.09871244635193137
3 0.6902718168812589 0.5686695278969957 0.09585121602288993 0.10443490701001423
2 0.18741058655221746 0.6938483547925608 0.10586552217453503 0.10300429184549359
0 0.6866952789699571 0.9413447782546496 0.094420600858369 0.10586552217453502
0 0.19027181688125894 0.8147353361945636 0.12017167381974246 0.11301859799713868
4 0.5600858369098713 0.6888412017167382 0.11587982832618024 0.11015736766809724
1 0.3133047210300429 0.938483547925608 0.1144492131616595 0.1144492131616596
