9 0.05793991416309012 0.1938483547925608 0.11587982832618024 0.12446351931330468
9 0.3147353361945636 0.4492131616595137 0.09728183118741054 0.10586552217453508
9 0.44134477825464946 0.32474964234620884 0.1072961373390558 0.09728183118741054
9 0.9370529327610874 0.19957081545064376 0.10300429184549373 0.1015736766809728
11 0.1881258941344778 0.19527896995708155 0.1015736766809728 0.11587982832618024
8 0.43848354792560795 0.5686695278969957 0.09585121602288986 0.11587982832618032
10 0.69241773962804 0.44134477825464946 0.10872675250357652 0.11874105865522168
7 0.19241773962804004 0.06294706723891273 0.1273247496423462 0.12589413447782546
3 0.06080114449213161 0.8168812589413449 0.10729613733905578 0.11444921316165946
3 0.18955650929899856 0.8190271816881258 0.1072961373390558 0.11587982832618024
3 0.31831187410586553 0.5736766809728183 0.10157367668097286 0.09728183118741064
3 0.9420600858369099 0.8197424892703862 0.11587982832618024 0.11731044349070104
2 0.43919885550786836 0.44206008583690987 0.10300429184549359 0.11158798283261802
1 0.31688125894134456 0.6924177389409897 0.1072961373390558 0.11444921453575958
1 0.31759656652360513 0.9413447782546496 0.12017167381974253 0.1144492131616596
5 0.5665342360948118 0.9449213161659514 0.11160924472181243 0.11015736766809724
