9 0.06437768240343349 0.8226037195994277 0.08583690987124465 0.10014306151645201
9 0.6917024320457795 0.8218884120171674 0.08154506437768233 0.08726752503576535
9 0.815450643776824 0.8261802575107297 0.08869814020028613 0.09298998569384835
9 0.944206008583691 0.6995708154506438 0.10300429184549359 0.09155937052932757
7 0.31759656652360513 0.18955650929899856 0.09442060085836906 0.11015736766809729
11 0.6924177396280402 0.9377682403433476 0.11158798283261788 0.12446351931330461
7 0.8183118741058653 0.9449213156038195 0.111587982832618 0.11015736879236104
3 0.6959942775393421 0.32045779685264664 0.08440629470672391 0.10586552217453502
3 0.8175965665236052 0.4449213161659514 0.09298998569384835 0.10586552217453502
3 0.1917024320457797 0.31759656652360513 0.10300429184549359 0.10872675250357652
3 0.06437768240343347 0.19599427753934193 0.10300429184549355 0.10586552217453503
0 0.8190271816881258 0.19027181688125894 0.09585121602288979 0.12017167381974246
4 0.44420600858369097 0.8147353361945636 0.11301859799713874 0.11301859799713868
1 0.8211731044349071 0.06294706723891273 0.10586552217453502 0.11158798283261802
5 0.43848354792560795 0.4484978544520078 0.09871244635193144 0.1101573676680973
10 0.695994277539342 0.6902718168812589 0.10443490701001423 0.11015736766809738
