9 0.05887192350619614 0.1917024320457797 0.10902208056702989 0.11731044349070098
9 0.18170346761171646 0.31616595135908443 0.09593943089898628 0.10872675250357648
9 0.6897463630540757 0.3218884120171674 0.1003003141216675 0.09442060085836915
9 0.9404971483582445 0.19742489270386265 0.09012491993541147 0.10300429184549356
11 0.5603734941145336 0.07010014306151645 0.10320756960345491 0.11158798283261802
11 0.3110763365512586 0.06938483547925607 0.1162902192714985 0.11301859799713876
6 0.3067154533285774 0.31831187410586553 0.09884668638077379 0.11015736766809724
10 0.5611003079849805 0.8118741058655222 0.11338296378971116 0.11587982832618024
7 0.1860643508343977 0.07010014306151645 0.10756845282613614 0.12589413447782546
3 0.06032555124708987 0.8161659513590845 0.10611482508524242 0.10443490701001437
3 0.1940593034093132 0.8161659513590844 0.10320756960345498 0.11587982832618024
3 0.9419507760991382 0.8175965665236052 0.09303217541719888 0.10729613733905566
5 0.3110763365512586 0.9399141630901288 0.09884668638077372 0.10586552217453515
5 0.4368151361385664 0.9391988555078683 0.10320756960345498 0.10443490701001437
0 0.5625539357258742 0.6895565092989986 0.10756845282613618 0.11158798283261802
4 0.05596466802440867 0.6859799713876967 0.11192933604881734 0.11015736766809724
1 0.060325551247089874 0.936337625178827 0.10902208056702989 0.11301859799713881
3 0.6890195491836288 0.4449213161659513 0.10756845282613618 0.10300429184549366
