9 0.3128138982741302 0.5722460658082976 0.08773171399872158 0.10586552217453515
9 0.43362478312482877 0.4470672389127325 0.10499041183453564 0.1015736766809728
9 0.8111587982832618 0.8190271816881258 0.10642863665418688 0.11874105865522168
9 0.9405990320518675 0.695994277539342 0.08054058990046556 0.09585121602288979
6 0.44153501963291025 0.9399141630901283 0.09779928773627983 0.10300429184549356
6 0.9348461327732626 0.4449213161659513 0.10355218701488439 0.11158798283261795
7 0.4365012327641309 0.31545064408911955 0.11649621039174501 0.11015736704350633
7 0.9391608072322163 0.9370529327610874 0.10355218701488454 0.10872675250357659
3 0.8147543603323897 0.4427753934191702 0.0963610629166287 0.1101573676680973
3 0.18481188932517575 0.31831187410586553 0.09923751255593094 0.11015736766809724
3 0.6881905762030864 0.19313304721030045 0.09060816363802388 0.10300429184549356
3 0.6889096886129121 0.3175965665236052 0.09492283809697753 0.10300429184549362
5 0.18625011414482695 0.5636623748211731 0.10786686147383799 0.1115879828326181
2 0.3092183362250023 0.43848354792560795 0.09492283809697742 0.1101573676680973
4 0.688909688612912 0.44062947067238917 0.10930508629348928 0.11731044349070104
1 0.8169116975618665 0.1902718161942088 0.11505798557209386 0.11158798145851774
