9 0.06256102822626429 0.19313304721030045 0.10786384176942118 0.10586552217453508
9 0.18984036151418124 0.31616595135908443 0.07478559696013204 0.10300429184549359
9 0.3135242334097842 0.19456366237482117 0.09204381164323934 0.10300429184549356
9 0.9326626851662618 0.19027181688125894 0.11361657999712364 0.12017167381974246
11 0.314243325688247 0.07010014306151645 0.09923473442786751 0.10300429184549356
10 0.18984036151418113 0.19027181700617718 0.09779654987094182 0.1144492129118231
7 0.8111360901060471 0.8104434907010014 0.10354928809864418 0.11587982832618039
7 0.18984036151418124 0.06366237482117311 0.1208075027817517 0.12160228898426323
3 0.06112284366933867 0.8133047210300429 0.10786384176942118 0.10729613733905566
3 0.310647864295933 0.8118741058655222 0.10067291898479311 0.10443490701001423
3 0.5565774235302132 0.6881258941344778 0.10642565721249554 0.1030042918454935
5 0.9333817774447255 0.8125894140099144 0.10930202632634675 0.10872675137931223
5 0.31568151024517266 0.9370529327610874 0.09923473442786754 0.10872675250357659
0 0.1934358229064953 0.6881258941344778 0.1107402108832724 0.1173104434907009
4 0.9393653821407756 0.4370529327610873 0.12126923571844885 0.12446351931330475
1 0.1891212692357184 0.9327610869552295 0.11361657999712367 0.12017167444433369
