9 0.18529691905450377 0.6824034334763948 0.11103395149569487 0.10872675250357652
9 0.3071458658257534 0.567238912732475 0.10382395464532507 0.11015736766809738
9 0.4333208107072247 0.6874105865522175 0.1139179502358428 0.11015736766809717
9 0.6827867017300197 0.8111587982832618 0.10526595401539901 0.10586552217453502
11 0.9365785908630366 0.6895565092989986 0.08796196157451149 0.11731044349070104
8 0.18601791873954074 0.43991416309012876 0.10670795338547298 0.1072961373390558
10 0.18529691905450377 0.8082975679542203 0.09661395779495527 0.1144492131616596
10 0.5587747559036592 0.8097281831187411 0.11968594771613866 0.11158798283261802
8 0.5558907571635113 0.6874105865522173 0.09084596031465936 0.10729613733905566
7 0.43764680881744666 0.9327610872675249 0.11103395149569487 0.12303290414878404
3 0.3129138633060491 0.4399141630901291 0.10093995590517704 0.11015736766809724
3 0.565263753068992 0.3168812589413448 0.09228795968473336 0.10443490701001437
3 0.8104036459815651 0.315450643776824 0.10959195212562094 0.11301859799713877
3 0.9329735924378517 0.18741058655221746 0.10959195212562094 0.11444921316165953
5 0.6842287011000937 0.06509298998569385 0.10814995275554701 0.11301859799713877
0 0.431157811652114 0.19170243254545255 0.10670795338547302 0.10872675150423085
0 0.5602167552737332 0.19170243204577972 0.09661395779495528 0.10872675250357655
4 0.31002986456590126 0.315450643776824 0.10959195212562087 0.11015736766809724
1 0.17880792188917094 0.1888412017167382 0.11535994960591672 0.1201716738197425
