9 0.07044175433431098 0.8161659513590844 0.129498982715602 0.11301859799713868
9 0.5713608962671891 0.4413447782546496 0.09534540485654219 0.11301859799713874
9 0.934954193891764 0.44849785407725323 0.10815299655368961 0.10443490701001423
9 0.6866292215415162 0.8197424892703862 0.08965314188003219 0.10586552217453502
11 0.19282540832927555 0.9442060085836911 0.1209605882508371 0.10872675250357659
11 0.690186885901835 0.9420600858369099 0.10815299655368968 0.11015736766809724
10 0.441160955524149 0.9420600858369099 0.11386640921945101 0.11587982832618024
3 0.8168397371291819 0.9406294704225527 0.11953752250670943 0.11301859849681163
3 0.43972731493539585 0.44277539341917027 0.11953752250670951 0.11301859799713881
3 0.5621109689303604 0.3168812589413448 0.1138452595301996 0.11874105865522175
3 0.6866292215415163 0.19599427753934193 0.09249927336828719 0.1144492131616595
3 0.8147051385129908 0.198140200286123 0.09534540485654219 0.10729613733905578
5 0.9406464568682741 0.06866952789699571 0.09961460208892475 0.11158798283261802
4 0.19282540832927555 0.3168812589413448 0.10957606229781712 0.10729613733905573
1 0.4425734464236508 0.19313304721030045 0.11099912804194453 0.1144492131616595
5 0.06973022146224724 0.06795422031473534 0.11099912804194459 0.1072961373390558
