9 0.06272961373390558 0.8133047210300429 0.10527038626609443 0.11015736766809738
9 0.6885836909871245 0.69241773962804 0.08508154506437762 0.10300429184549359
9 0.816206008583691 0.5679542203147353 0.08363948497854068 0.10300429184549359
9 0.816206008583691 0.8140200286123033 0.0894077253218883 0.10586552217453502
11 0.3150901287553648 0.9356223175965664 0.1110386266094421 0.10872675250357659
6 0.8169270386266095 0.6881258941344778 0.09661802575107302 0.10872675250357645
10 0.06056652360515021 0.6888412017167382 0.12113304721030042 0.11874105865522168
7 0.9445493562231759 0.8147353361945636 0.10382832618025759 0.11301859799713868
3 0.05984549356223176 0.3168812589413448 0.1052703862660944 0.10729613733905573
3 0.18530472103004292 0.43991416309012876 0.10815450643776824 0.1072961373390558
5 0.06200858369098712 0.06437768240343347 0.11248068669527896 0.12303290414878397
0 0.8190901287553649 0.19098712446351931 0.12113304721030048 0.1101573676680973
4 0.3129270386266095 0.5636623748211731 0.12401716738197428 0.11444921316165946
1 0.817648068669528 0.06509298998569385 0.11824892703862659 0.11874105865522175
3 0.816206008583691 0.3168812589413448 0.10959656652360522 0.10157367668097284
3 0.9409442060085838 0.1888412017167382 0.1023862660944205 0.10586552217453506
