9 0.058810805887911106 0.5672389127324748 0.10614633257818103 0.10729613733905573
9 0.1836044671622591 0.5658082975679541 0.10327751277877073 0.11015736766809724
9 0.31054974328616475 0.6888412017167381 0.0874990038820141 0.10157367668097286
9 0.4389294293097755 0.5679542203147353 0.0860645939823089 0.09155937052932764
11 0.5601370658348607 0.43347639484978545 0.11618720187611714 0.11444921316165953
8 0.30768092348675447 0.43919885550786847 0.10758074247788613 0.10014306151645208
10 0.6870823419587663 0.5629470672389126 0.1118839721770017 0.11587982832618024
7 0.9402556892567252 0.9363376251788269 0.10758074247788613 0.11587982832618024
11 0.30768092348675447 0.8161659513590845 0.10471192267847589 0.10443490701001437
3 0.9345180496579046 0.8125894134477827 0.10471192267847584 0.11158798283261817
3 0.0588108058879111 0.18955650929899856 0.10327751277877072 0.11015736766809729
3 0.18575608201181676 0.43633762517882685 0.11618720187611706 0.11731044349070097
3 0.3091153333864596 0.31759656652360513 0.11044956227729642 0.10872675250357652
5 0.9352352546077571 0.061516452074391985 0.09180223358112968 0.11444921316165951
5 0.9338008447080519 0.6838340486409156 0.09753987317995012 0.11444921316165939
0 0.4353434045605127 0.18741058655221746 0.11044956227729649 0.11731044349070104
4 0.30696371853690185 0.1881258941344778 0.11762161177582221 0.11587982832618028
1 0.31198415318586986 0.06437768240343349 0.1276624810737583 0.12589413447782546
