9 0.18647591797806387 0.5636623748211731 0.08606580829756796 0.10300429184549366
9 0.685657606103958 0.811874105865522 0.1061478302336672 0.11015736766809724
9 0.8154735336194563 0.8140200286123033 0.09036909871244632 0.10586552217453502
9 0.9409861707200762 0.8190271816881258 0.09754124940391037 0.09298998569384835
11 0.1836070577014783 0.9420600858369099 0.10327896995708155 0.09871244635193137
8 0.6878092513113973 0.43776824034334766 0.10184453981878874 0.10014306151645208
7 0.4403700524558893 0.6909871244635193 0.11188555078683841 0.11158798283261802
3 0.5651654744873629 0.4449213161659513 0.10041010968049591 0.10014306151645208
3 0.6885264663805455 0.3154506434645286 0.09180352885073934 0.10157367605638176
3 0.8133218884120166 0.18884120102968815 0.091803528850739 0.11158798420671828
5 0.1871931330472103 0.06294706723891273 0.11618884120171673 0.11444921316165951
7 0.8197768240343347 0.9377682403433476 0.10184453981878888 0.10443490701001437
3 0.9338140200286122 0.19027181688125894 0.10041010968049591 0.10300429184549355
2 0.18360705770147828 0.43276108726752505 0.10614783023366713 0.11587982832618024
4 0.5658826895565092 0.3125894134477825 0.11331998092513118 0.12160228898426322
1 0.815473533619456 0.05722460658082973 0.10471340009537418 0.11444921316165946
