9 0.06080114449213163 0.3197424892703863 0.10443490701001432 0.09871244635193137
9 0.43562231759656656 0.43991416309012876 0.09585121602288986 0.10443490701001437
9 0.5643776824034334 0.5686695278969957 0.0758226037195994 0.09871244635193144
9 0.8125894134477825 0.32474964234620884 0.09442060085836915 0.09728183118741054
11 0.9356223175965666 0.1959942775393419 0.09155937052932757 0.10300429184549356
11 0.31759656652360513 0.19527896995708155 0.11158798283261799 0.11301859799713874
8 0.18454935622317595 0.3147353361945637 0.08583690987124461 0.10586552217453506
6 0.19456366237482114 0.1959942775393419 0.0915593705293276 0.1087267525035765
10 0.31759656652360513 0.31616595135908443 0.10872675250357652 0.10300429184549359
7 0.06723891273247497 0.06294706686415812 0.10300429184549356 0.11158798283261805
3 0.19027181688125894 0.6909871244635193 0.08011444921316166 0.10014306151645201
3 0.31402002861230327 0.8147353361945636 0.08440629470672391 0.1015736766809728
3 0.5643776824034334 0.6988555078683834 0.11301859799713874 0.09871244635193137
3 0.6888412017167381 0.569384835479256 0.1072961373390558 0.1030042918454935
5 0.31402002861230327 0.9370529327610874 0.09585121602288989 0.10872675250357659
5 0.8118741058655222 0.44206008583690987 0.09585121602288979 0.10586552217453502
2 0.6845493562231759 0.43991416309012876 0.09871244635193137 0.1072961373390558
0 0.5593705293276109 0.8147353361945636 0.10586552217453508 0.10729613733905595
4 0.43919885550786847 0.5650929899856938 0.11444921316165953 0.10872675250357659
1 0.18741058655221743 0.8075822604344189 0.10586552217453502 0.11587982820126203
