9 0.06687934635422643 0.19098712446351931 0.110746444500547 0.1101573676680973
9 0.18625538393273813 0.19313304721030045 0.10211685142258232 0.08869814020028613
9 0.31713754561520274 0.19384835479256082 0.0934872583446176 0.11015736766809728
9 0.4422666452456909 0.31402002861230327 0.09636378937060584 0.1015736766809728
11 0.6939631100196614 0.060085836909871244 0.09636378937060584 0.117310443490701
11 0.3149801473457116 0.06866952789699571 0.1121847100135411 0.10586552217453506
8 0.3142610145892145 0.31616595135908443 0.09924032039659406 0.10872675250357648
8 0.811900882085179 0.43490701001430615 0.10211685142258232 0.11731044349070104
6 0.44082837973269684 0.1881258941344778 0.10211685142258232 0.11301859799713877
6 0.5666766121196821 0.19384835479256082 0.1064316479615647 0.11015736766809728
10 0.9449404420371349 0.43919885550786836 0.10930817898755293 0.11731044349070104
7 0.19200844598471462 0.06437768240343347 0.12225256860449997 0.12303290414878397
3 0.06184541705874702 0.8175965665236052 0.10355511693557641 0.11301859799713881
3 0.18985104771522343 0.8175965665236052 0.10067858590958817 0.10157367668097293
3 0.31785667837169984 0.8175965665236052 0.10643164796156465 0.11015736766809724
3 0.43867098146320566 0.6931330472103006 0.11218471001354118 0.10443490701001437
5 0.6982779065586437 0.9399141630901288 0.09636378937060584 0.10014306151645201
5 0.4408283797326969 0.9377682403433476 0.11362297552653523 0.11015736766809738
2 0.31641841285870576 0.9406294706723891 0.12369083411749408 0.11874105865522182
0 0.6925248445066673 0.5650929899856938 0.12225256860449996 0.11158798283261788
0 0.8190922096501496 0.8190271816881258 0.11074644450054706 0.11587982832618024
4 0.5695531431456703 0.9377682403433476 0.11506124103952935 0.11015736766809738
1 0.18985104771522343 0.938483547925608 0.11793777206551762 0.11158798283261802
2 0.3135418818327175 0.6895565092989986 0.10930817898755286 0.1258941344778254
