9 0.18912126923571843 0.8168812589413449 0.1021111035417187 0.10586552217453502
9 0.3149624179667098 0.8175965665236052 0.09492018075709062 0.10157367668097293
9 0.5637683463148413 0.5701001430615165 0.10642565721249554 0.09871244635193137
9 0.8154506437768241 0.4456366237482118 0.09779654987094176 0.10157367668097286
11 0.5673638077071552 0.9363376251788269 0.10498747265556993 0.10157367668097293
8 0.931224500609336 0.6917024320457795 0.10211110354171879 0.11301859799713881
6 0.31711969480209823 0.9406294706723891 0.10786384176942118 0.1072961373390558
6 0.8176079206122125 0.8125894134477825 0.10786384176942121 0.12017167381974246
10 0.6867331259319814 0.6909871244635194 0.10786384176942114 0.10872675250357652
7 0.9362581465585756 0.9334763948497854 0.10067291898479297 0.11874105865522182
3 0.1934358229064953 0.43848354792560795 0.10786384176942118 0.11587982832618032
3 0.31280514113132135 0.5679542203147353 0.09348199620016498 0.10300429184549359
3 0.5666447154286925 0.4434907010014307 0.10930202632634682 0.10586552217453508
3 0.8118551823845102 0.3240343347639485 0.10786384176942121 0.10157367668097284
5 0.6910476796027584 0.07296137339055794 0.10211110354171872 0.11158798283261802
2 0.8104169978275845 0.19027181688125894 0.09635836531401623 0.10872675250357655
2 0.9362581465585756 0.198140200286123 0.10067291898479297 0.10729613733905578
0 0.5659256231502298 0.1959942775393419 0.10211110354171872 0.1087267525035765
0 0.06328012050472709 0.06580829756795421 0.12080750278175172 0.12589413447782546
4 0.31568151024517266 0.3190271813758304 0.11936931822482609 0.11731044411529211
1 0.9355390542801129 0.06437768240343347 0.11361657999712364 0.12017167381974249
8 0.9376963311155015 0.31831187410586553 0.10930202632634675 0.11015736766809724
