9 0.3111587982832618 0.6888412017167382 0.10157367668097286 0.09871244635193137
9 0.3147353361945636 0.8190271816881258 0.09728183118741054 0.1015736766809728
9 0.936337625178827 0.8168812589413449 0.08440629470672391 0.10300429184549373
11 0.4406294706723891 0.9406294706723891 0.09442060085836915 0.09871244635193137
11 0.9356223175965666 0.9377682403433476 0.10586552217453515 0.10443490701001437
6 0.43848354792560795 0.6859799713876967 0.10157367668097286 0.11301859799713868
10 0.43633762517882685 0.19098712446351931 0.11444921316165953 0.11587982832618027
7 0.31115879828326176 0.9327610872675252 0.11874105865522172 0.11444921316165946
9 0.684549356223176 0.5636623748211731 0.1015736766809728 0.10872675250357652
3 0.06080114449213161 0.19027181688125894 0.11015736766809728 0.10872675250357655
3 0.6866952789699571 0.19313304721030045 0.09728183118741064 0.10300429184549356
3 0.8147353361945636 0.19241773962804004 0.1015736766809728 0.11301859799713877
3 0.9356223175965664 0.3197424892703863 0.10014306151645215 0.1044349070100143
5 0.5636623748211731 0.0665236051502146 0.10586552217453508 0.11587982832618027
5 0.06509298998569385 0.06723891273247498 0.10157367668097281 0.11158798283261805
0 0.5622317596566524 0.3147353361945637 0.08869814020028613 0.10872675250357659
4 0.8111587982832618 0.8090128755364807 0.10014306151645215 0.1072961373390558
1 0.811874105865522 0.06509298998569384 0.11874105865522168 0.12160228898426322
