9 0.1896309012875536 0.4434907010014307 0.10815450643776824 0.10872675250357652
9 0.5638454935622318 0.32331902718168815 0.10671244635193133 0.10014306151645204
9 0.9409442060085838 0.5658082975679543 0.09661802575107302 0.10443490701001437
11 0.8140429184549356 0.8190271816881258 0.08796566523605133 0.11015736766809724
11 0.5624034334763948 0.9370529327610874 0.1153648068669527 0.11444921316165946
8 0.8126008583690987 0.4406294706723891 0.09950214592274677 0.10872675250357652
10 0.06345064377682402 0.9399141630901288 0.11536480686695277 0.11158798283261802
10 0.06128755364806868 0.43705293276108725 0.1168068669527897 0.12160228898426326
7 0.9409442060085838 0.9363376251788269 0.11392274678111605 0.11874105865522182
3 0.3100429184549356 0.19170243204577972 0.11248068669527896 0.12589413447782552
3 0.8169270386266095 0.31616595135908443 0.09373390557939913 0.1144492131616595
3 0.9423862660944207 0.4470672389127324 0.07931330472102999 0.11301859799713874
5 0.5631244635193133 0.06866952789699571 0.1110386266094421 0.10586552217453506
0 0.560961373390558 0.19027181688125896 0.10959656652360515 0.11158798283261805
4 0.18458369098712446 0.19241773962804007 0.12113304721030045 0.1072961373390558
1 0.8133218884120171 0.06509298998569384 0.11536480686695284 0.12160228898426322
3 0.8183690987124465 0.19384835479256082 0.09373390557939913 0.11015736766809728
0 0.6929098712446353 0.44134477825464946 0.09950214592274677 0.1072961373390558
