9 0.06437768240343349 0.8161659513590845 0.10014306151645208 0.10443490701001437
9 0.5593705293276109 0.5715307582260372 0.09155937052932764 0.09871244635193129
9 0.9284692417739628 0.6945636623748211 0.09155937052932771 0.11301859799713874
9 0.8118741058655222 0.8168812589413449 0.09871244635193137 0.09728183118741057
11 0.8090128755364807 0.9399141629652107 0.10729613733905595 0.10014306151645215
10 0.3104434907010014 0.5622317596566524 0.11444921316165953 0.1115879828326181
8 0.42989985693848354 0.5650929899856938 0.09871244635193137 0.10872675250357659
7 0.9327610872675252 0.9349070102641428 0.09728183118741057 0.11301859799713881
5 0.43633762517882685 0.3175965665236052 0.09728183118741057 0.10300429184549362
3 0.5665236051502146 0.3226037197243459 0.09728183118741057 0.11015736766809728
3 0.8075822603719598 0.19957081545064376 0.09871244635193122 0.10729613733905578
3 0.9306151645207439 0.32045779685264664 0.09012875536480693 0.10300429184549355
5 0.6874105865522175 0.8104434907010014 0.11015736766809717 0.11587982832618039
0 0.5643776824034334 0.19313304721030045 0.12160228898426333 0.12303290414878401
4 0.1888412017167382 0.8097281831187411 0.117310443490701 0.10586552217453515
1 0.9349070100143061 0.06437768240343349 0.11587982832618039 0.11731044349070102
