9 0.06741679345398945 0.19313304721030045 0.09467039080772986 0.11158798283261802
9 0.19292678126726767 0.3197424892703863 0.07889199233977491 0.09871244635193137
9 0.689229133077488 0.44277539341917027 0.10471118983279204 0.10157367668097284
9 0.8133047210300429 0.315450643776824 0.10040799025062257 0.1044349070100143
6 0.689946333007849 0.18884120102968802 0.09753919052917617 0.11158798420671821
6 0.43964355731165455 0.3133047210300429 0.0989735903898994 0.1115879828326181
7 0.3170023692198228 0.4413447782546494 0.11475198885785452 0.1072961373390558
7 0.19436118112799086 0.19241773962804004 0.1161863887185775 0.11587982832618023
3 0.06239639394145832 0.6895565092989986 0.11331758899713121 0.10872675250357659
3 0.18790638175473656 0.8140200286123033 0.09467039080772986 0.11158798283261802
3 0.68564313342568 0.5658082975679541 0.11188318913640799 0.11015736766809724
3 0.44322955696346256 0.44206008583690987 0.10327678997206896 0.11158798283261802
0 0.3126991696376532 0.6874105865522173 0.10614558969351534 0.11301859799713881
4 0.6885119331471263 0.6881258941344778 0.11188318913640792 0.10872675250357645
1 0.816173520751489 0.8133047207177472 0.11188318913640753 0.1187410592798122
1 0.19077518147618291 0.9370529327610874 0.12048958830074712 0.11158798283261817
