9 0.4423236202093216 0.5693848354792561 0.09987952714404039 0.09442060085836915
9 0.6856016113244485 0.8118741058655222 0.10701377908290027 0.1072961373390558
9 0.8125912958361569 0.8133047210300429 0.0955989759807244 0.10729613733905566
9 0.9338735787967773 0.6866952789699571 0.10130637753181247 0.10586552217453502
11 0.06706196822528424 0.9349070100143061 0.11985543257284842 0.10443490701001437
8 0.6834613357427903 0.9341917024320457 0.09702582636849641 0.10586552217453515
6 0.9388675551539793 0.5643776824034334 0.10273322791958435 0.10729613733905588
8 0.8097375950606128 0.31616595135908443 0.1098674798584443 0.10586552217453508
10 0.3174742112792711 0.8118741058655222 0.10986747985844442 0.1072961373390558
3 0.8190121225811308 0.9341917021822094 0.11129433024621643 0.12017167581843483
3 0.4408967698215496 0.43848354792560795 0.10844062947067236 0.1101573676680973
3 0.3174742112792711 0.31616595135908443 0.10416007830735634 0.10300429184549359
5 0.5664596039454861 0.06437768240343347 0.09702582636849634 0.10300429184549355
2 0.3167607860853851 0.43848354792560795 0.11129433024621643 0.11587982832618032
3 0.6891687372938786 0.31330472065528847 0.0998795271440409 0.11444921391116929
3 0.6848881861305626 0.18454935622317595 0.10273322791958421 0.11731044349070102
3 0.8133047210300429 0.1888412017167382 0.10273322791958421 0.10586552217453506
0 0.6891687372938784 0.06294706723891273 0.11414803102176037 0.11158798283261802
4 0.3146205105037271 0.1866952789699571 0.10701377908290038 0.11301859799713877
1 0.8118778706422709 0.061516452074392006 0.11985543257284847 0.12303290414878401
