9 0.1847745456472209 0.8147353361945636 0.09559764137732664 0.10729613733905595
9 0.8090128755364807 0.6945636623748211 0.08560982809909845 0.09298998569384821
9 0.6884457009635837 0.8161659513590845 0.0841829976307801 0.10443490701001437
9 0.9409946938559242 0.8190271816881258 0.08132933669414356 0.1015736766809728
11 0.31247587256170944 0.0665236051502146 0.09987813278228157 0.11015736766809729
6 0.44017719947619804 0.43705293276108725 0.09845130231396325 0.1072961373390558
10 0.31318928779586863 0.3190271816881259 0.11271960699714637 0.11158798283261802
7 0.8111531212389582 0.8097281831187411 0.11557326793378295 0.11731044349070117
3 0.6912993619002202 0.19599427753934193 0.08703665856741694 0.1001430615164521
3 0.8104397060047991 0.31831187410586553 0.10273179371891814 0.11015736766809724
3 0.9345739567484919 0.4456366237482118 0.09417081090900836 0.10157367668097286
5 0.6905859466660611 0.44206008583690987 0.11129277652882791 0.10586552217453502
0 0.8111531212389582 0.18955650929899856 0.10130496325059994 0.11587982832618024
4 0.5621712045174134 0.18526466380543632 0.10558545465555483 0.10729613733905577
1 0.9338605415143327 0.1866952789699571 0.1127196069971464 0.11874105865522175
3 0.18548796088138006 0.5693848354792561 0.10558545465555481 0.1115879828326181
