9 0.0647201168843028 0.561516452074392 0.10642863665418682 0.11587982832618032
9 0.6903479134325633 0.6859799713876967 0.0920463884576752 0.11587982832618032
9 0.817630809971692 0.8125894134477825 0.08485526435941906 0.10872675250357645
9 0.9405990320518675 0.6888412017167381 0.08629348917907023 0.10157367668097286
11 0.3164094603232581 0.9370529327610874 0.1006757373755821 0.11444921316165946
11 0.3128138982741302 0.19313304721030045 0.1049904118345356 0.10586552217453508
10 0.31856679755273487 0.5629470672389126 0.12224910967034976 0.11587982832618024
7 0.9434754816911698 0.9377682403433476 0.11218153593279155 0.1216022889842634
3 0.0640010044744772 0.31402002861230327 0.11074331111314033 0.11015736766809735
3 0.19344123824308285 0.19384835479256082 0.09636106291662859 0.10157367668097281
3 0.8161925851520409 0.1938483547925608 0.09923751255593104 0.1072961373390558
3 0.9420372568715186 0.3154506437768241 0.09779928773627972 0.10729613733905584
5 0.5645032417130855 0.0636623748211731 0.10786686147383805 0.11301859799713876
5 0.5652223541229111 0.8097281831187411 0.10930508629348921 0.11444921316165946
4 0.1934412382430828 0.8118741058655223 0.11649621039174503 0.11301859799713881
1 0.9398799196420419 0.0636623748211731 0.11649621039174506 0.12446351931330471
