9 0.07063293659572585 0.19527896995708155 0.10416574487854519 0.11301859799713874
9 0.19477567364275913 0.3190271816881259 0.07848104066191762 0.1030042918454935
9 0.8005066147515596 0.43776824034334766 0.08276182469802222 0.09728183118741057
9 0.6820715897526658 0.5608011444921316 0.09417724879430103 0.10014306151645208
11 0.557215388699615 0.9241773962804005 0.09560417680633591 0.10586552217453515
6 0.19263528162470686 0.19313304721030045 0.10559267289058004 0.10872675250357652
10 0.6785042697225785 0.43133047210300435 0.10131188885447542 0.1044349070100143
7 0.1954891376487766 0.07010014306151645 0.10559267289058007 0.11158798283261802
3 0.8012200787575771 0.8082975679542205 0.09845803283040568 0.10586552217453502
3 0.6763638777045264 0.6816881258941345 0.0941772487943011 0.11015736766809717
3 0.19049488960665456 0.684549356223176 0.10416574487854519 0.1015736766809728
3 0.06849254457767355 0.8054363376251789 0.10844652891464979 0.10586552217453515
2 0.1933487456307243 0.8025751072961372 0.09845803283040572 0.10586552217453502
5 0.3160645546657227 0.8061516452074392 0.09275032078226626 0.09871244635193137
4 0.4366399716826689 0.5586552217453504 0.10844652891464975 0.1101573676680973
1 0.19691606566081143 0.919885550349625 0.09988496084244057 0.11731044436512898
