9 0.5715307582260373 0.698140200286123 0.09012875536480686 0.10300429184549359
9 0.6952789699570815 0.8240343347639485 0.10300429184549344 0.10300429184549359
9 0.8154506437768241 0.8218884120171674 0.09442060085836915 0.09871244635193122
9 0.9406294706723892 0.8190271816881258 0.09298998569384835 0.1015736766809728
11 0.06723891273247497 0.944206008583691 0.10300429184549356 0.09728183118741071
11 0.6931330472103006 0.9456366237482118 0.09871244635193122 0.09442060085836915
6 0.6938483547925608 0.4449213161659514 0.1115879828326181 0.1144492131616596
10 0.6895565092989986 0.3197424892703863 0.10872675250357659 0.11301859799713874
7 0.8147353361945636 0.938483547925608 0.10729613733905595 0.1173104434907009
3 0.19742489270386265 0.4492131616595135 0.1087267525035765 0.10872675250357652
3 0.5701001430615165 0.32474964234620884 0.09871244635193137 0.09728183118741054
3 0.6917024320457795 0.2010014306151645 0.11301859799713881 0.11015736766809725
3 0.9434907010014305 0.1959942775393419 0.08440629470672391 0.10300429184549356
5 0.6945636623748211 0.06795422031473536 0.1015736766809728 0.11874105865522176
5 0.06723891273247497 0.07153075822603719 0.10872675250357654 0.10872675250357652
0 0.19313304721030045 0.19456366237482117 0.10872675250357652 0.10586552217453503
4 0.1917024320457797 0.32045779685264664 0.11444921316165951 0.11444921316165953
1 0.8147353361945636 0.06795422031473533 0.09871244635193137 0.11587982832618024
