9 0.20028612303290416 0.6938483547925608 0.10014306151645204 0.10586552217453502
9 0.569384835479256 0.6931330472103006 0.1030042918454935 0.10443490701001437
9 0.8197424892703863 0.4449213161659514 0.10014306151645201 0.10586552217453502
9 0.9434907010014305 0.4449213161659513 0.09585121602288993 0.10014306151645208
11 0.44849785407725323 0.9413447782546495 0.10443490701001423 0.11158798283261802
8 0.31616595135908443 0.6909871244635193 0.10300429184549359 0.11158798283261802
6 0.6967095851216023 0.6895565092989986 0.10300429184549359 0.12017167381974246
6 0.19241773962804007 0.8104434907010014 0.10157367668097281 0.1072961373390558
8 0.31974248927038623 0.938483547925608 0.10729613733905577 0.1173104434907009
7 0.20028612303290422 0.9384835483628217 0.10586552217453506 0.11444921403608711
11 0.9463519313304721 0.9384835474259349 0.09585121602288993 0.11158798383196339
10 0.4463519313304721 0.815450643776824 0.11444921316165946 0.11731044349070104
3 0.572961373390558 0.32045779685264664 0.08440629470672391 0.11444921316165953
3 0.6938483547925608 0.20171673819742486 0.10300429184549359 0.10300429184549355
3 0.8190271816881258 0.1967095851216023 0.09298998569384835 0.10157367668097281
3 0.19742489270386265 0.1967095851216023 0.111587982832618 0.10443490701001432
2 0.1967095851216023 0.3190271816881259 0.11015736766809725 0.11158798283261802
2 0.44134477825464946 0.4456366237482118 0.1072961373390558 0.11301859799713881
0 0.4477825464949929 0.19241773962804004 0.10300429184549359 0.12160228898426322
0 0.572961373390558 0.19527896995708155 0.10443490701001437 0.11015736766809728
5 0.5758226037195995 0.06723891273247495 0.11587982832618032 0.117310443490701
5 0.32331902718168815 0.06938483547925607 0.11158798283261802 0.11874105865522173
4 0.32260371959942774 0.19527896995708155 0.1101573676680973 0.11015736766809728
1 0.8190271816881258 0.0665236051502146 0.1072961373390558 0.11587982832618027
