9 0.0605652451830883 0.6874105865522175 0.1095942531884455 0.11587982832618024
9 0.18962689860895504 0.8168812589413449 0.09661598636349801 0.10586552217453502
9 0.8212358840897331 0.8204577968526466 0.1110362828356618 0.11301859799713868
11 0.9423663744559095 0.31616595135908443 0.10815222354122923 0.1144492131616595
8 0.3085943445043071 0.6866952789699571 0.10382613459957998 0.11444921316165946
6 0.5595075031199586 0.5679542203147353 0.11536237177731096 0.1144492131616596
10 0.06417031930112928 0.5665236051502146 0.11392034213009467 0.1115879828326181
7 0.18890588378534687 0.9399141630901288 0.11824643107174385 0.12017167381974246
3 0.059844230359480104 0.31831187410586553 0.10815222354122911 0.11015736766809724
3 0.3150834779167808 0.19527896995708155 0.10238410495236358 0.11301859799713874
3 0.568159681003257 0.31759656652360513 0.08940583812741608 0.10872675250357652
5 0.4405400572246066 0.3168812589413448 0.11392034213009467 0.11587982832618028
2 0.1860218244909141 0.06795422031473534 0.11247831248287828 0.1072961373390558
0 0.18818486896173867 0.3168812589413448 0.09373192706906522 0.11015736766809728
4 0.5659966365324324 0.44206008583690987 0.11680440142452753 0.11158798283261802
1 0.06561234894834567 0.19456366237482114 0.122572520013393 0.11158798283261799
