9 0.31425212309378137 0.5650929899856938 0.1049904118345356 0.10872675250357659
9 0.18696922655465253 0.19456366237482117 0.1121815359327915 0.10586552217453503
11 0.18553100173500134 0.9406294706723891 0.10355218701488444 0.1072961373390558
11 0.6896288010227377 0.9399141630901288 0.0963610629166287 0.10014306151645201
8 0.9384416948223907 0.8133047210300429 0.09923751255593104 0.11874105865522168
10 0.31065656104465345 0.44062947067238917 0.11793443521139625 0.10300429184549359
9 0.8111587982832618 0.6888412017167381 0.09492283809697738 0.10443490701001416
9 0.69250525066204 0.8140200286123033 0.09348461327732636 0.10300429184549359
3 0.9456328189206465 0.9391988555078683 0.10211396219523322 0.11587982832618024
3 0.5623459044836088 0.43991416309012876 0.11793443521139622 0.11015736766809724
3 0.6896288010227376 0.31616595135908443 0.10499041183453578 0.11158798283261802
3 0.816192585152041 0.19098712446351931 0.09636106291662855 0.11587982832618027
3 0.9370034700027395 0.3190271816881259 0.11074331111314038 0.10586552217453506
5 0.6925052506620399 0.06723891273247495 0.10786686147383812 0.11444921316165951
5 0.18840745137430367 0.06795422031473534 0.09492283809697742 0.1072961373390558
2 0.4321865583051776 0.5636623748211731 0.09923751255593097 0.11444921316165946
4 0.8140352479225641 0.44277539341917027 0.10355218701488454 0.11874105865522182
1 0.9386585699936073 0.06437768240343349 0.12268286001278404 0.12303290489829324
