9 0.6902718168812589 0.8147353361945636 0.09298998569384821 0.09871244635193137
9 0.8147353361945636 0.8175965665236052 0.1015736766809728 0.09585121602288979
9 0.9377682403433476 0.8168812589413448 0.08440629470672391 0.10014306151645201
11 0.31402002861230327 0.9356223175965666 0.1015736766809728 0.1144492131616596
11 0.06437768240343347 0.6881258941344778 0.11158798283261802 0.1144492131616596
8 0.315450643776824 0.43991416309012876 0.11587982832618024 0.11015736766809724
6 0.31402002861230327 0.5622317596566524 0.1072961373390558 0.1115879828326181
6 0.440629470672389 0.9327610876422793 0.1087267525035765 0.10872675325308626
6 0.5643776824034334 0.9334763948497854 0.09298998569384835 0.1072961373390558
7 0.8161659513590844 0.9341917024320457 0.09871244635193137 0.1144492131616596
9 0.44277539341917027 0.5650929899856938 0.1072961373390558 0.10872675250357659
3 0.06723891273247495 0.43919885550786847 0.09728183118741057 0.10872675250357652
3 0.6888412017167381 0.19241773962804007 0.10443490701001416 0.1072961373390558
3 0.8168812589413449 0.19241773962804004 0.08869814020028613 0.09298998569384834
3 0.9391988555078683 0.19241773962804004 0.10443490701001437 0.11301859799713877
5 0.06652360515021459 0.06294706723891273 0.10729613733905578 0.11158798283261802
5 0.31187410586552217 0.06223175965665236 0.10586552217453506 0.10729613733905578
0 0.4413447782546494 0.4377682405931839 0.10443490701001416 0.11444921266198667
0 0.31258941344778257 0.31187410574060404 0.10729613733905584 0.10872675250357655
2 0.19098712446351931 0.5622317596566524 0.11301859799713876 0.1144492131616596
1 0.6952789699570815 0.3140200288621397 0.10872675250357659 0.11587982782650752
1 0.8168812589413448 0.060085836909871244 0.11158798283261802 0.12017167381974249
