9 0.059054728639698045 0.3190271816881259 0.0896493470915898 0.1030042918454935
9 0.43970870240160714 0.4434907010014307 0.07684229750707701 0.10586552217453508
9 0.566356192737345 0.567238912732475 0.0796883085258576 0.11301859799713881
9 0.6894461692996073 0.4442060082089363 0.10957142422305426 0.09012875536480693
11 0.3116382065564786 0.18955650861194837 0.08822634158219941 0.10729613871315598
11 0.9384721334429124 0.19027181688125894 0.10103339116671237 0.10586552217453506
8 0.18356771071135058 0.31616595135908443 0.10245639667610265 0.10872675250357648
6 0.18712522448482638 0.1866952789699571 0.1067254132042736 0.11301859799713877
10 0.31021520104708855 0.8140200286123033 0.11099442973244454 0.10872675250357659
7 0.063323745167869 0.18526466380543635 0.1181094572793961 0.11874105865522176
3 0.561375673454479 0.6967095851216023 0.11241743524183477 0.1173104434907011
3 0.6901576720543026 0.5715307582260373 0.1053024076948833 0.1101573676680973
3 0.18570221897543604 0.69241773962804 0.09249535811037043 0.10872675250357652
5 0.8125361458618695 0.9463519313304721 0.08822634158219955 0.1072961373390558
0 0.8175166651447353 0.06866952833420945 0.10387940218549302 0.11731044261627355
0 0.5649331872279548 0.8204577968526466 0.09107235260098015 0.10443490701001423
4 0.4354396858734362 0.567238912732475 0.12237847380756704 0.11301859799713881
1 0.06261224241317383 0.698140200286123 0.11384044075122515 0.12589413447782546
