9 0.07186781415485098 0.19313304721030045 0.10104187732662216 0.11158798283261802
9 0.19069875439108977 0.19742489270386257 0.09677250222831421 0.1030042918454935
9 0.9349931465294474 0.31759656652360513 0.08538750196615964 0.09728183118741054
11 0.4425918851912606 0.06723891273247495 0.1081575024904688 0.12589413447782546
6 0.4454381352567992 0.30972818311874106 0.09392625216277559 0.11301859799713874
6 0.9342815840130627 0.19170243204577972 0.08965687706446744 0.10872675250357655
10 0.44116876015849116 0.19384835479256082 0.11100375255600746 0.10443490701001432
9 0.07115625163846633 0.06795422031473536 0.10531125242493015 0.11874105865522176
9 0.8126043937112855 0.5679542203147353 0.11669625268708472 0.1144492131616596
3 0.06617531402377368 0.8168812589413449 0.11811937771985409 0.10586552217453502
3 0.1935450044566284 0.815450643776824 0.10246500235939146 0.10300429184549344
3 0.8097581436457467 0.6938483547925608 0.09677250222831418 0.10300429184549359
3 0.9364162715622167 0.8168812589413449 0.10815750249046886 0.10300429184549373
5 0.44116876015849116 0.9399141630901288 0.10246500235939159 0.10300429184549359
2 0.6880809533439692 0.5665236050252964 0.11527312765431538 0.1144492131616596
0 0.9335700214966781 0.9370529327610874 0.10246500235939165 0.11158798283261817
4 0.44188032267487587 0.44420600858369097 0.11242687758877679 0.11301859799713874
1 0.07257937667123565 0.9377682403433476 0.11669625268708478 0.11301859799713881
