9 0.05943521139621952 0.815450643776824 0.10437402976897087 0.09728183118741057
9 0.18845310930508624 0.8147353356948898 0.10147475116427719 0.10443490800935981
9 0.8154221075700849 0.811874105865522 0.10582366907131771 0.11015736766809724
9 0.9443144461692995 0.8133047210300429 0.11137110766140083 0.11015736766809738
11 0.06016003104739293 0.9327610872675252 0.11162222628070495 0.10300429184549373
6 0.31602136791160623 0.6902718168812589 0.11887042279243908 0.11874105865522182
6 0.8125228289653913 0.315450643776824 0.0884279974431557 0.11301859799713877
7 0.31312208930691265 0.8118741054283083 0.11017258697835816 0.11874105952964882
7 0.816882519185973 0.9391988555078683 0.11744232811717481 0.12160228898426326
3 0.06160967034973974 0.1938483547925608 0.11162222628070495 0.1072961373390558
3 0.1906275682586065 0.19599427753934193 0.10002511186193037 0.10586552217453503
5 0.6856793900100446 0.19027181688125894 0.11307186558305168 0.11444921316165951
0 0.8161469272212585 0.19670958512160233 0.10727330837366483 0.11301859799713877
0 0.7545372568715186 0.1967095851216023 0.010147475116427813 0.007153075822603725
4 0.8146972879189114 0.5615164515122599 0.11597114418774536 0.11015736879236088
4 0.43996552826225915 0.19599427753934193 0.11742078349009219 0.1144492131616595
1 0.9321180714090036 0.06652360515021458 0.1130718655830519 0.11874105865522173
3 0.9386414482695645 0.31402002861230327 0.09422655465254323 0.11015736766809735
