9 0.06633336377195385 0.811874105865522 0.10382613459957994 0.11015736766809724
9 0.19178994307977962 0.6902718168812589 0.08652177883298329 0.1044349070100143
9 0.5703227254740816 0.6895565092989986 0.09661598636349801 0.11158798283261802
9 0.817630809971692 0.8140200286123033 0.09517395671628165 0.09728183118741071
11 0.06561234894834567 0.9334763948497854 0.11680440142452746 0.1072961373390558
11 0.6936162603110827 0.9341917024320457 0.08940583812741608 0.1144492131616596
6 0.5638335920616078 0.5629470672389127 0.1124783124828783 0.10443490701001437
6 0.3165255075639972 0.6874105865522173 0.11392034213009467 0.10729613733905566
7 0.44270310169543126 0.5658082975679543 0.11824643107174389 0.11301859799713874
7 0.5681596810032569 0.811874105865522 0.10094207530514723 0.11015736766809724
3 0.06344930447752108 0.19241773962804004 0.10671019389401272 0.11587982832618023
3 0.19106892825617144 0.1888412017167382 0.09950004565793076 0.11158798283261805
3 0.8183518247953003 0.19027181688125894 0.09373192706906522 0.10872675250357655
3 0.9438084041031262 0.19313304721030045 0.0995000456579308 0.11158798283261802
5 0.8161887803244758 0.315450643776824 0.10382613459957994 0.1044349070100143
5 0.06272828965391289 0.06938483547925609 0.10815222354122911 0.1072961373390558
0 0.3114784037987398 0.06294706723891273 0.10671019389401276 0.12303290414878397
4 0.44270310169543126 0.06294706723891273 0.10959425318844546 0.11158798283261802
1 0.9409243448086932 0.0636623748211731 0.11680440142452739 0.12446351931330471
0 0.8176308099716921 0.6888412017167382 0.11247831248287837 0.11015736766809724
