9 0.06328189206465162 0.3147353361945636 0.11218153593279151 0.11158798283261799
9 0.18625011414482692 0.1988555078683834 0.09060816363802392 0.10014306151645208
9 0.3092183362250023 0.1959942775393419 0.09492283809697742 0.10300429184549356
9 0.9391608072322163 0.32045779685264664 0.10642863665418688 0.10586552217453502
11 0.3135330106839558 0.06866952789699571 0.10355218701488443 0.11158798283261802
11 0.817630809971692 0.06580829756795423 0.10499041183453571 0.10872675250357654
6 0.4350630079444801 0.19241773937820367 0.10786686147383798 0.10729613783872853
6 0.8104396858734362 0.18741058655221746 0.11074331111314038 0.10872675250357654
10 0.5630650168934344 0.561516452074392 0.11937266003104739 0.11587982832618032
7 0.19200301342343162 0.06509298998569384 0.12800200894895442 0.12160228898426322
3 0.06184366724500045 0.8140200286123033 0.10642863665418682 0.11158798283261802
3 0.18984567619395487 0.8154506437768241 0.10930508629348916 0.10586552217453515
3 0.3149712355036069 0.6924177391908262 0.10355218701488439 0.10300429321959363
3 0.9391608072322163 0.6974248927038628 0.09779928773627987 0.1015736766809728
5 0.6889096886129121 0.9406294706723892 0.09492283809697753 0.10443490701001437
5 0.3120947858643046 0.9434907010014305 0.10642863665418677 0.10443490701001437
0 0.5616267920737832 0.6881258941344778 0.10499041183453571 0.1144492131616596
0 0.8125970231029129 0.5658082975679543 0.10930508629348921 0.11587982832618032
1 0.6860332389736097 0.8125894134477827 0.10930508629348928 0.11444921316165946
1 0.06760725401577998 0.9391988555078683 0.12370870947435057 0.12160228898426326
