9 0.4401771994761981 0.44062947067238917 0.10130496325059987 0.09728183118741057
9 0.8090128755364807 0.18669527896995708 0.11129277652882806 0.10729613733905578
9 0.9367142024509693 0.19098712446351931 0.09845130231396325 0.10157367668097284
8 0.5578907131124585 0.561516452074392 0.10273179371891814 0.11301859799713888
6 0.3096222116250729 0.4349070100143062 0.11414643746546464 0.11444921316165953
9 0.18762820658385754 0.19027181688125894 0.09274398044069003 0.10300429184549355
7 0.19333552845713076 0.060801144492131615 0.11557326793378296 0.11301859799713877
6 0.8175738583463905 0.5608011444921317 0.12270742027537451 0.11731044349070097
3 0.31604294873250527 0.8111587982832619 0.09559764137732664 0.10300429184549359
3 0.6877322857294246 0.5622317596566524 0.10273179371891822 0.1144492131616596
3 0.8111531212389582 0.6931330472103006 0.0841829976307801 0.1015736766809728
3 0.9374276176851285 0.8118741058655222 0.08560982809909859 0.09871244635193137
2 0.18691479134969835 0.43848354792560806 0.11129277652882803 0.1072961373390558
2 0.4373235385395614 0.5608011444921316 0.1070122851238731 0.10872675250357659
0 0.689872531431902 0.8097281831187411 0.11271960699714625 0.11731044349070117
1 0.5635980349857308 0.9334763950371624 0.11129277652882806 0.10443490563591398
1 0.19119528275465328 0.810443491200674 0.1198537593387379 0.12446351931330468
10 0.8140067821755949 0.31115879828326176 0.11557326793378295 0.11874105865522172
