9 0.06416897196829119 0.4427753934191702 0.11103395149569487 0.11587982832618017
9 0.18529691905450377 0.31831187410586553 0.09661395779495527 0.10157367668097286
9 0.31363486299108617 0.19313304721030045 0.11103395149569494 0.10014306151645207
11 0.3143558626761231 0.06866952789699572 0.10093995590517718 0.10872675250357655
6 0.5659847527540289 0.5643776824034334 0.09949795653510321 0.11301859799713874
10 0.5594957555886962 0.43919885550786847 0.12112794708621259 0.11444921316165953
9 0.6907176982654265 0.4456366237482118 0.0894039609445855 0.08726752503576542
7 0.1867389184245777 0.1888412017167382 0.1168019489759907 0.11158798283261805
3 0.059121974173032325 0.5665236050252963 0.08651996220443756 0.10586552217453502
3 0.18457591936946677 0.6888412017167382 0.10670795338547298 0.11015736766809724
3 0.3143558626761231 0.8168812589413449 0.10382395464532504 0.094420600858369
3 0.565263753068992 0.6902718168812589 0.09228795968473336 0.10729613733905573
5 0.319402860471382 0.6909871244635193 0.10526595401539901 0.11444921316165946
2 0.43620480944737267 0.5622317596566524 0.11103395149569487 0.1144492131616596
4 0.9351365914929626 0.5600858369098713 0.1110339514956948 0.11587982832618024
1 0.06200597291318024 0.8097281831187411 0.11247595086576881 0.11444921316165946
