9 0.06386809652688916 0.31616595135908443 0.10502753651088438 0.11158798283261802
9 0.4428188025864314 0.43848354792560806 0.09651179030729913 0.1072961373390558
9 0.5698453501232443 0.5693848354792561 0.08089958893405956 0.10014306151645215
9 0.8153826989932846 0.3125894134477825 0.08657675306978305 0.1101573676680973
11 0.9381513734283051 0.18669527896995708 0.08515746203585223 0.10729613733905578
11 0.31295367298175686 0.18669527896995708 0.09509249927336828 0.10443490701001429
8 0.18947535302977114 0.31187410586552217 0.09225391720550653 0.1030042918454935
6 0.19302358061459834 0.1866952789699571 0.09083462617157569 0.11301859799713877
10 0.31579225504961855 0.3168812589413448 0.10076966340909177 0.10729613733905573
7 0.06670667859475089 0.062231759656652355 0.10786611857874613 0.11587982832618024
3 0.18876570751280572 0.6938483547925608 0.09651179030729916 0.094420600858369
3 0.31721154608354946 0.8161659513590842 0.09509249927336824 0.1015736766809728
3 0.5592006673687628 0.6917024320457797 0.09935037237516084 0.10729613733905588
3 0.6911947335243337 0.5665236051502146 0.0766417158322669 0.10014306151645208
5 0.8132537624423886 0.9370529327610874 0.08799604410371387 0.10586552217453502
5 0.808995889340596 0.43848354792560795 0.09651179030729906 0.1044349070100143
2 0.6798404052528868 0.4349070100143062 0.1021889544430227 0.11444921316165953
0 0.5641681859875208 0.8133047210300429 0.11780115581626212 0.11015736766809738
4 0.4343030563828462 0.5658082975679541 0.10786611857874612 0.11015736766809724
1 0.18876570751280572 0.8075822603719598 0.10786611857874612 0.11301859799713881
