9 0.5616110694794528 0.8175965665236052 0.10211110354171872 0.09871244635193122
9 0.808259720992196 0.6866952789699571 0.08629107341553692 0.10300429184549373
9 0.9355390542801129 0.6931330472103006 0.10786384176942121 0.1015736766809728
6 0.8132933669414355 0.809728182619068 0.09923473442786741 0.1144492141610049
6 0.8104169978275843 0.7553648068669528 0.0071909227846281 0.002861230329041433
10 0.6874522182104442 0.5622317596566524 0.10930202632634682 0.10872675250357659
7 0.9376963311155013 0.8082975679542205 0.09779654987094176 0.10872675250357659
11 0.688171310488907 0.9334763948497854 0.09923473442786751 0.11015736766809738
9 0.44152265897616405 0.5693848354792561 0.10067291898479319 0.09728183118741064
3 0.44008447441923837 0.43919885550786836 0.10642565721249554 0.11731044349070104
3 0.6838567568181303 0.315450643776824 0.09348199620016516 0.11015736766809724
5 0.9391345156724265 0.4399141623406194 0.0977965498709418 0.10729613883807435
5 0.9333817774447246 0.30972818311874106 0.10354928809864433 0.11015736766809724
0 0.565206530871767 0.315450643776824 0.10354928809864425 0.11301859799713877
3 0.5659256231502298 0.1967095851216023 0.10498747265556993 0.09871244635193137
4 0.1862449001218672 0.6874105865522175 0.10786384176942118 0.11015736766809717
1 0.8104169978275845 0.3168812589413448 0.10211110354171865 0.11587982832618028
