9 0.06366237482117311 0.31759656652360513 0.1072961373390558 0.11444921316165953
9 0.32045779685264664 0.19599427753934193 0.09728183118741064 0.09728183118741061
9 0.6931330472103006 0.4463519313304719 0.09298998569384892 0.10014306151645198
9 0.5629470672389127 0.5701001430615164 0.09871244635193137 0.1015736766809728
11 0.44420600858369097 0.6888412017167382 0.09871244635193137 0.11874105865522168
11 0.31759656652360513 0.07081545064377683 0.10586552217453502 0.11015736766809728
6 0.5701001430615165 0.19027181688125894 0.10443490701001437 0.12017167381974246
10 0.19527896995708155 0.44420600858369097 0.11301859799713874 0.1101573676680973
7 0.19599427753934193 0.06437768240343347 0.1144492131616595 0.12303290414878397
3 0.19527896995708155 0.6895565092989986 0.10729613733905578 0.11158798283261802
3 0.43848354792560795 0.8140200286123033 0.1044349070100143 0.11158798283261802
3 0.936337625178827 0.44134477825464946 0.10443490701001437 0.1072961373390558
3 0.9356223175965666 0.6931330472103006 0.11158798283261802 0.11301859799713874
5 0.3190271816881259 0.5636623748211731 0.10872675250357652 0.11444921316165946
5 0.3147353361945637 0.8197424892703862 0.1030042918454935 0.10586552217453502
2 0.5665236051502146 0.8168812589413449 0.10586552217453508 0.10300429184549373
4 0.9399141630901288 0.9384835480505263 0.10300429184549359 0.11731044349070104
1 0.06652360515021458 0.8133047210300429 0.11874105865522173 0.12160228898426326
