9 0.8090015214478734 0.4434907010014306 0.10327678997206888 0.10014306151645215
9 0.9366631090522364 0.5650929899856938 0.09467039080772992 0.10872675250357659
11 0.6899463330078491 0.06938483522941966 0.11188318913640796 0.11015736816777011
10 0.31628516928946115 0.06795422031473533 0.0989735903898994 0.11587982832618024
9 0.1914923814065445 0.3175965665236052 0.09610479066845302 0.10300429184549362
9 0.31126476977693 0.1888412017167382 0.10614558969351524 0.11444921316165953
7 0.05952759422001196 0.8082975679542203 0.11331758899713121 0.11158798283261802
7 0.19220958133690608 0.06866952789699571 0.09753919052917621 0.11444921316165951
3 0.0645479937325431 0.6888412017167381 0.10614558969351531 0.11587982832618024
3 0.6913807328685726 0.6974248927038628 0.10614558969351527 0.09298998569384835
3 0.8183251205425741 0.8125894134477827 0.10184239011134565 0.11158798283261817
3 0.9467039080772985 0.8175965665236052 0.10327678997206903 0.10443490701001437
5 0.19364398119762927 0.5650929899856938 0.11475198885785438 0.12017167381974261
5 0.19436118112799086 0.938483547925608 0.1190551884400239 0.1173104434907009
4 0.3126991696376532 0.684549356223176 0.11188318913640799 0.11015736766809724
1 0.6899463330078494 0.9341917024320457 0.11475198885785425 0.12017167381974246
