9 0.06471920857002994 0.31759656652360513 0.11217996152138524 0.11158798283261799
9 0.18768570485308686 0.19527896995708155 0.09635971053760013 0.10157367668097285
9 0.31352861040592284 0.19170243204577972 0.11217996152138518 0.10872675250357655
11 0.4386524136413141 0.0636623748211731 0.10067432444226881 0.12446351931330471
11 0.6881809177946516 0.06366237482117311 0.10786534761671661 0.09871244635193134
10 0.06471920857002994 0.19027181713109534 0.10642714298182701 0.12017167381974246
10 0.4372142090064245 0.43633762517882685 0.10930355225160611 0.11731044349070097
7 0.18912390948797636 0.06294706723891273 0.10786534761671657 0.12303290414878397
9 0.6896191224295413 0.5643776824034336 0.10498893834693752 0.11015736766809724
3 0.06471920857002994 0.5679542203147353 0.11217996152138524 0.1115879828326181
3 0.3142477127233676 0.6931330472103006 0.09348330126782106 0.1015736766809728
3 0.43793331132386926 0.5643776824034336 0.09635971053760009 0.11015736766809724
5 0.6896191224295413 0.9413447782546496 0.10786534761671654 0.10872675250357659
5 0.8111474140777085 0.31616595135908443 0.10355073371204795 0.1144492131616595
2 0.30921399650125414 0.5636623748211731 0.11217996152138525 0.1115879828326181
3 0.1891239094879764 0.8133047210300429 0.10211252907715833 0.10729613733905566
4 0.19056211412286594 0.6888412017167381 0.1136181661562748 0.1072961373390558
1 0.18984301180542118 0.9327610867678522 0.10930355225160616 0.12017167481908826
