9 0.06688408997399224 0.6967095851216023 0.08538394464764966 0.09442060085836915
9 0.1906908097130843 0.8211731044349071 0.08823007613590464 0.10872675250357659
9 0.31734366094043137 0.6931330472103006 0.0853839446476497 0.10443490701001437
9 0.8154166713850545 0.8240343347639484 0.09392233911241477 0.09728183118741057
11 0.44541957791190584 0.9399141630901287 0.09676847060066962 0.10872675250357659
11 0.6965906817504088 0.944921316165951 0.09534540485654239 0.10157367668097281
6 0.4447080450398421 0.4434907016260216 0.10103766783305211 0.12303290414878398
10 0.68734075441358 0.6902718168812589 0.11384525953019967 0.11587982832618017
7 0.9370887925079553 0.9420600858369099 0.10672993080956218 0.11301859799713895
3 0.067595622846056 0.4492131616595135 0.1038837993213071 0.1030042918454935
3 0.18926774396895682 0.45064377682403434 0.11669139101845459 0.09442060085836915
3 0.6973022146224724 0.198140200286123 0.08538394464764963 0.10443490701001429
3 0.816839737129182 0.3240343347639485 0.09107620762415976 0.09585121602288982
5 0.5678032319068703 0.19456366237482114 0.09676847060066962 0.11158798283261799
5 0.6894753530297711 0.06580829756795421 0.10672993080956211 0.117310443490701
0 0.8161282042571182 0.19456366237482114 0.09534540485654233 0.10872675250357655
4 0.3209013253007501 0.4413447782546496 0.10957606229781706 0.11587982832618032
1 0.8111474741526721 0.06294706723891273 0.09961460208892475 0.12589413447782546
