9 0.44277539341917027 0.6917024320457795 0.1072961373390558 0.11301859799713881
9 0.567238912732475 0.5672389127324751 0.0786838340486409 0.10157367668097286
9 0.8197424892703862 0.8140200286123033 0.08869814020028613 0.11158798283261802
9 0.9420600858369099 0.8197424892703863 0.09298998569384849 0.09728183118741071
11 0.1959942775393419 0.9427753934191702 0.1087267525035765 0.10586552217453502
11 0.6924177396280402 0.9456366237482118 0.10586552217453502 0.10872675250357659
8 0.6895565092989986 0.44062947029763455 0.11731044349070104 0.10586552217453502
10 0.5650929899856938 0.9370529327610874 0.10872675250357659 0.10872675250357659
6 0.5643776824034334 0.8161659513590844 0.09871244635193137 0.11301859799713868
6 0.30901287553648066 0.6824034334763948 0.10300429184549359 0.10872675250357652
7 0.9377682403433476 0.9377682403433476 0.10443490701001437 0.11301859799713881
3 0.6945636623748211 0.32117310443490704 0.10443490701001423 0.11015736766809728
3 0.8118741058655222 0.19098712446351931 0.09871244635193137 0.1072961373390558
3 0.9391988555078683 0.19098712446351931 0.1015736766809728 0.1101573676680973
0 0.0636623748211731 0.69241773962804 0.1044349070100143 0.1173104434907009
0 0.19313304721030045 0.6874105865522175 0.10014306151645207 0.11587982832618024
3 0.06652360515021459 0.5643776824034336 0.10729613733905578 0.11015736766809724
2 0.32045779685264664 0.3168812589413448 0.12303290414878401 0.12160228898426328
4 0.19313304721030045 0.1888412017167382 0.11158798283261802 0.11158798283261805
5 0.4413447782546496 0.06294706723891273 0.1044349070100143 0.10872675250357655
5 0.6945636623748211 0.061516452074391985 0.1072961373390558 0.12017167381974249
1 0.8147353361945636 0.06294706723891273 0.1015736766809728 0.11444921316165951
