9 0.06563466089890949 0.19241773962804004 0.11414723634592953 0.10443490701001433
9 0.19119662087943198 0.1881258941344778 0.0970251508940401 0.11015736766809729
9 0.6863102585299014 0.31402002861230327 0.09987883180268846 0.1015736766809728
9 0.9395744391724324 0.19456366237482114 0.09274462953106777 0.0944206008583691
11 0.9402878593995946 0.06294706723891273 0.10843987452863303 0.11158798283261802
11 0.31675858085995445 0.06366237482117311 0.11414723634592953 0.11015736766809729
4 0.3139048999513062 0.43276108726752505 0.09702515089404005 0.11015736766809724
6 0.43946685993182866 0.43419170243204575 0.09417146998539189 0.11301859799713874
10 0.5685959210481616 0.05865522174535051 0.1041593531656607 0.11731044349070102
3 0.19191004110659404 0.05793991416309012 0.10986671498295715 0.11587982832618024
3 0.06777492158039565 0.6838340486409155 0.10701303407430891 0.09728183118741057
3 0.19048320065226992 0.8125894134477825 0.09559831043971599 0.10300429184549359
3 0.31533174040563033 0.8133047210300429 0.09702515089404003 0.09871244635193137
3 0.9352939178094601 0.8125894134477825 0.10701303407430884 0.10872675250357645
5 0.31747200108711654 0.9349070100143061 0.11272039589160542 0.10729613733905595
5 0.9402878593995946 0.9391988555078683 0.11414723634592945 0.11015736766809724
2 0.5657422401395134 0.5608011444921316 0.11557407680025364 0.12017167381974246
0 0.4380400194775046 0.6809728183118742 0.11129355543728124 0.1258941344778254
4 0.5636019794580271 0.9349070100143061 0.1198545981632261 0.11587982832618039
1 0.19262346133375607 0.9306151645207439 0.11700091725457779 0.11874105865522182
