9 0.05752899278604693 0.561516452074392 0.10930508629348917 0.10157367668097286
9 0.4379394575837823 0.5665236051502146 0.09636106291662855 0.10586552217453508
9 0.8118779106930873 0.43919885550786847 0.11074331111314038 0.10872675250357652
9 0.6867523513834353 0.31402002861230327 0.10499041183453578 0.10443490701001426
8 0.061124554835174864 0.1888412017167382 0.10499041183453565 0.10872675250357654
8 0.8169116975618664 0.06366237482117311 0.10642863665418688 0.11587982832618027
10 0.18768833896447812 0.1888412017167382 0.11074331111314033 0.11444921316165953
10 0.5594694548443064 0.18955650929899856 0.11218153593279155 0.1072961373390558
6 0.3099374486348278 0.43919885550786836 0.11074331111314034 0.11158798283261802
7 0.18696922655465253 0.06223175965665236 0.11505798557209383 0.12160228898426323
3 0.05824810519587253 0.6859799713876967 0.10211396219523332 0.11587982832618032
3 0.30849922381517664 0.8111587982832619 0.107866861473838 0.1144492131616596
3 0.6853141265637841 0.4413447782546496 0.09923751255593097 0.1044349070100143
3 0.8125970231029129 0.5636623748211731 0.09779928773627987 0.10586552217453508
2 0.6838759017441329 0.6874105865522175 0.10499041183453578 0.11015736766809717
2 0.8118779106930873 0.6881258941344777 0.10211396219523337 0.10586552217453502
0 0.4357821203543055 0.6859799713876967 0.10355218701488439 0.10729613733905573
4 0.5616267920737832 0.8111587982832618 0.11649621039174506 0.11158798283261788
1 0.0640010044744772 0.8082975675170063 0.11649621039174501 0.120171674944006
0 0.3106565610446534 0.9363376251788269 0.10930508629348917 0.11587982832618024
