9 0.06434325583530329 0.6917024320457797 0.10555185788712673 0.11587982832618024
9 0.18290835647563747 0.8118741058655222 0.09109269927245184 0.11587982832618024
9 0.3188244474535813 0.6917024324829936 0.0882008675495168 0.10729613646462878
9 0.6925936976429276 0.815450643776824 0.09832227857978922 0.10872675250357659
11 0.4424502536090519 0.9377682403433476 0.11567326891739917 0.11874105865522168
11 0.69114778178146 0.9420600858369099 0.10410594202565925 0.10157367668097293
6 0.317378531592114 0.8147353361945636 0.11133552133299673 0.10729613733905595
10 0.9391223520231344 0.43991416309012876 0.10555185788712677 0.11301859799713881
7 0.8205572513828003 0.936337625178827 0.10266002616419172 0.11301859799713881
3 0.0628973399738358 0.315450643776824 0.11133552133299669 0.11874105865522179
3 0.18869201992150741 0.4434907010014306 0.11133552133299669 0.1230329041487839
3 0.31014895228477657 0.5658082975679541 0.10844368961006172 0.11015736766809724
3 0.4402813798168506 0.44206008583690987 0.10266002616419179 0.11444921316165953
5 0.6897018659199926 0.30972818311874106 0.11278143719446419 0.11015736766809724
5 0.44461912740125314 0.06580829756795421 0.11422735305593172 0.12589413447782546
0 0.8154965458676642 0.19384835479256082 0.1156732689173991 0.11015736766809728
4 0.44317321153978556 0.31616595135908443 0.12290284822473665 0.12303290414878397
1 0.69693144522733 0.06652360515021458 0.11567326891739917 0.11874105865522173
