9 0.8125799517072764 0.8168812589413448 0.09274398044069003 0.11158798283261802
9 0.9360007872168101 0.8161659513590844 0.09417081090900836 0.11587982832618024
9 0.31532953349834614 0.6938483547925608 0.10843911559219141 0.1115879828326181
9 0.43803695377372065 0.5708154506437768 0.09702447184564499 0.10300429184549366
8 0.6884457009635837 0.9413447780048126 0.09559764137732657 0.1058655226742073
8 0.43661012330540233 0.69241773962804 0.10273179371891822 0.10872675250357652
6 0.19262211322297162 0.6902718168812589 0.10273179371891818 0.11301859799713868
8 0.06420737107432387 0.5686695278969957 0.11414643746546466 0.1101573676680973
7 0.8111637240593634 0.9406294706723891 0.12130179544786657 0.11874105865522182
3 0.44517110611531163 0.9377682397187563 0.10843911559219138 0.11301859924632061
3 0.3174697792008237 0.32045779741477864 0.10130496325059984 0.10300429072122995
3 0.6891591161977427 0.19456366237482114 0.11985375933873783 0.11158798283261799
3 0.8154336126439131 0.1938483547925608 0.09559764137732671 0.1072961373390558
3 0.9388544481534467 0.19670958512160225 0.09417081090900822 0.11301859799713877
5 0.6905859466660611 0.06580829756795421 0.10843911559219144 0.12589413447782546
2 0.19190869798881244 0.31616595135908443 0.11842692887041957 0.1144492131616595
2 0.6877322857294246 0.31759656652360513 0.10273179371891822 0.10872675250357652
0 0.5621712045174134 0.19027181688125894 0.10843911559219144 0.117310443490701
4 0.4416040299445163 0.0665236051502146 0.11271960699714632 0.12160228898426326
1 0.8154336126439131 0.06437768240343349 0.10415862418723648 0.12589413447782546
0 0.06492078630848303 0.06580829756795421 0.11557326793378296 0.12589413447782546
