9 0.06615648961857831 0.315450643776824 0.11793113366790048 0.11587982832618024
9 0.19271673062803252 0.19241773962804004 0.10642565721249557 0.12160228898426322
9 0.44367993581155246 0.32045779685264664 0.09348199620016494 0.11444921316165953
9 0.5659256231502298 0.44206008583690987 0.08772925797246252 0.09442060085836915
11 0.8204842897260637 0.06938483547925607 0.11074021088327242 0.11301859799713876
11 0.32071515619441227 0.07510729613733906 0.10930202632634678 0.11301859799713877
8 0.31208604885285857 0.31831187410586553 0.10354928809864433 0.11301859799713877
6 0.5637683463148413 0.3168812589413448 0.10067291898479297 0.11015736766809728
10 0.5680828999856182 0.0665236051502146 0.11505476455404931 0.11015736766809729
7 0.19055945379264408 0.06509298998569384 0.10786384176942118 0.12160228898426322
3 0.0647183050616527 0.8133047210300429 0.1006729189847931 0.10443490701001437
3 0.19055945379264408 0.8133047210300429 0.09923473442786747 0.10443490701001437
3 0.3192769716374867 0.8154506437768241 0.0977965498709418 0.10586552217453515
3 0.4458372126469408 0.6888412017167382 0.10642565721249554 0.11301859799713874
5 0.6910476796027584 0.9341917024320457 0.11361657999712364 0.11158798283261802
5 0.3192769716374867 0.938483547925608 0.10642565721249557 0.10586552217453515
0 0.6896094950458327 0.3133047210300429 0.09635836531401623 0.10872675250357655
4 0.5695210845425436 0.5650929896109391 0.1035492880986444 0.11158798358212715
4 0.9398536079508898 0.5643776824034334 0.10211110354171879 0.10729613733905588
1 0.19415491518495812 0.9370529327610871 0.12080750278175173 0.12017167381974246
