9 0.19149372161063738 0.6888412017167381 0.096105463280245 0.10157367668097286
9 0.6906683667080293 0.8118741058655222 0.09610546328024483 0.1072961373390558
9 0.8190480527316402 0.6917024320457797 0.08319577418289853 0.09298998569384849
9 0.9416900991564302 0.8125894134477825 0.10758074247788628 0.10872675250357645
11 0.5644402955339761 0.9349070100143061 0.10758074247788621 0.10443490701001437
6 0.31557017793513276 0.43919885550786847 0.11475279197641193 0.10872675250357652
10 0.19005931171093224 0.561516452074392 0.11905602167552737 0.11874105865522161
7 0.8197652576814926 0.9334763948497854 0.10758074247788613 0.11587982832618024
3 0.6928199815575868 0.44062947067238917 0.1032775127787707 0.10300429184549359
3 0.8183308477817874 0.31616595135908443 0.09610546328024498 0.11158798283261802
3 0.9416900991564303 0.19527897083150897 0.09897428307965525 0.10729613733905577
5 0.43677781446021785 0.18311874105865525 0.11905602167552737 0.12017167381974249
3 0.5644402955339761 0.19098712446351931 0.08749900388201404 0.1072961373390558
0 0.6935371865074396 0.3154506437768241 0.09610546328024512 0.10729613733905584
4 0.5651575004838287 0.8125894134477827 0.11475279197641186 0.11444921316165946
1 0.6906683667080293 0.1859799713876967 0.11618720187611714 0.12303290414878397
