9 0.1890537068870649 0.4477825464949929 0.09559696876553474 0.09442060085836906
9 0.938847842503311 0.3147353361945636 0.08846286661885301 0.11158798283261799
11 0.06634714996413975 0.1881258941344778 0.08703604618951666 0.1015736766809728
11 0.05921304781745806 0.06437768240343347 0.10130425048288005 0.10872675250357654
6 0.8125742345070449 0.3168812589413448 0.09559696876553474 0.11301859799713874
10 0.6898676775841198 0.8175965665236052 0.10701153220022547 0.11301859799713881
7 0.8111474140777087 0.06223175965665236 0.10415789134155276 0.11301859799713877
3 0.06706056017880793 0.8183118741058655 0.11985291606425248 0.10586552217453502
3 0.18762688645772857 0.69241773962804 0.10701153220022543 0.10300429184549359
3 0.9424148935766519 0.8218884120171674 0.09559696876553474 0.11301859799713881
5 0.3117708665557952 0.9456366237482118 0.10703273769183572 0.10872675250357659
5 0.06493093228060857 0.938483547925608 0.11274001940918107 0.12303290414878404
0 0.44017410245026056 0.8140200286123033 0.10130425048288004 0.11158798283261802
1 0.5643074798025224 0.43633762461669506 0.10130425048288012 0.10872675362784046
1 0.19262075796040576 0.815450643776824 0.11129199348823443 0.11444921316165946
