3 0.3091175082945241 0.31831187410586553 0.09610613946975924 0.09871244635193133
9 0.4353464675980885 0.44134477825464946 0.08463077953307163 0.09585121602288993
9 0.8111645055246097 0.315450643776824 0.09610613946975931 0.1044349070100143
9 0.9345246248440023 0.19527896995708155 0.10471265942227503 0.11301859799713874
11 0.808295665540438 0.06723891273247497 0.10471265942227503 0.10586552217453506
11 0.5579893769214379 0.06509298998569385 0.11762243935104856 0.11301859799713877
10 0.1843229689830457 0.4384835475508532 0.1018438194381031 0.1044349070100143
7 0.31126913828265307 0.06437768240343347 0.12336011931939243 0.12303290414878397
10 0.18288854899095974 0.18741058655221746 0.11331917937479075 0.10872675250357654
3 0.05952842967156728 0.44420600858369097 0.09323729948558732 0.10157367668097286
3 0.6799150762487446 0.5672389127324748 0.09467171947767333 0.10729613733905573
3 0.8097300855325238 0.6909871244635193 0.09036845950141541 0.10014306151645201
3 0.9338074148479591 0.8183118741058655 0.09180287949350145 0.10300429184549359
5 0.3091175082945241 0.6917024320457797 0.10471265942227496 0.11015736766809717
5 0.3076830883024382 0.9370529327610874 0.10758149940644689 0.10872675250357659
0 0.18934343895534655 0.31831187410586553 0.10901591939853289 0.11015736766809724
1 0.6870871762091737 0.3154506442764969 0.1118847593827047 0.10729613633971011
1 0.058094009679481334 0.938483547925608 0.11045033939061882 0.11158798283261802
