9 0.06848881861305625 0.5643776824034334 0.1084406294706724 0.10443490701001437
9 0.18905767637979068 0.5636623748211731 0.10130637753181239 0.10586552217453508
9 0.3139070853098411 0.6945636623748211 0.09417212559295227 0.09585121602288979
9 0.4380430690460056 0.5672389127324748 0.09702582636849641 0.10729613733905573
11 0.3139070853098411 0.8133047210300429 0.09987952714404034 0.11015736766809738
11 0.560752202394398 0.44062947067238917 0.10844062947067243 0.11158798283261802
8 0.3131936601159551 0.4370529327610873 0.10701377908290038 0.1101573676680973
10 0.6856016113244485 0.5622317596566524 0.11272118063398835 0.10872675250357659
7 0.9360138543784353 0.9341917024320457 0.11414803102176052 0.1144492131616596
3 0.06492169264362622 0.19098712446351931 0.11557488140953241 0.11874105865522172
3 0.18834425118590467 0.19527896995708155 0.09131842481740833 0.10443490701001429
3 0.31462051050372714 0.3197424892703863 0.09845267675626833 0.1044349070100143
3 0.9353004291845494 0.8118741058655222 0.11272118063398849 0.11587982832618024
5 0.9367272795723213 0.06509298998569385 0.11272118063398849 0.11301859799713877
0 0.4373296438521196 0.19098712446351931 0.10701377908290041 0.11301859799713876
4 0.3139070853098411 0.19098712446351931 0.11129433024621636 0.11587982832618027
1 0.3131936601159551 0.06366237482117311 0.12128228296062044 0.12160228898426323
5 0.9324467284090053 0.6888412017167382 0.1155748814095324 0.11015736766809724
