9 0.06294706723891273 0.44062947067238917 0.1201716738197425 0.12303290414878404
9 0.18669527896995708 0.3147353361945637 0.12160228898426323 0.12017167381974246
9 0.3125894134477825 0.18955650929899856 0.12160228898426322 0.12446351931330468
9 0.9363376251788269 0.1881258941344778 0.12160228898426312 0.12446351931330471
11 0.43562231759656656 0.06223175965665236 0.12160228898426326 0.12446351931330472
8 0.3104434907010014 0.5636623748211731 0.12589413447782544 0.12303290414878397
6 0.18741058655221743 0.18955650929899856 0.12589413447782544 0.12446351931330468
10 0.811874105865522 0.1888412017167382 0.11874105865522168 0.12303290414878393
7 0.1881258941344778 0.06437768240343347 0.12160228898426322 0.12303290414878397
3 0.06151645207439199 0.6888412017167381 0.12303290414878398 0.12160228898426333
3 0.1859799713876967 0.8147353361945636 0.12017167381974252 0.11874105865522168
3 0.31187410586552217 0.8154506437768241 0.11731044349070097 0.12017167381974246
3 0.9391988555078684 0.8168812589413448 0.11874105865522182 0.12017167381974246
5 0.5615270830189891 0.9406294706723891 0.12162355087345766 0.11874105865522182
2 0.3104434907010014 0.6902718168812589 0.12589413447782544 0.12446351931330475
2 0.43705293276108725 0.6895565092989986 0.12160228898426326 0.11731044349070104
4 0.6881258941344778 0.44062947067238917 0.12303290414878397 0.12303290414878404
1 0.061516452074391985 0.8147353361945636 0.12017167381974249 0.11874105865522168
