9 0.06277965482604327 0.815450643776824 0.11414482695644232 0.11731044349070104
9 0.6891493927495205 0.8133047210300429 0.10558396493470909 0.11015736766809738
9 0.8154221075700849 0.8175965665236052 0.10415715459775371 0.10729613733905566
11 0.939554606885216 0.6945636619376074 0.0955962925760204 0.10729613821348312
11 0.8147087024016071 0.6909871244635194 0.09987672358688698 0.10872675250357652
11 0.691289608254954 0.9391988555078683 0.0927426719021095 0.11301859799713881
8 0.5600230572550451 0.6902718168812589 0.10415715459775363 0.11587982832618017
10 0.06349305999452105 0.31402002861230327 0.11842525796730893 0.11301859799713874
3 0.8211293489179073 0.9377682400935113 0.1098643959455758 0.11301859849681145
3 0.31389827413021637 0.4370529327610873 0.10843758560862021 0.11874105865522175
3 0.5671571089398229 0.5636623748211731 0.10701077527166468 0.11444921316165946
3 0.9424082275591269 0.31759656652360513 0.10130353392384236 0.11158798283261799
3 0.8139952972331294 0.1866952789699571 0.09274267190210934 0.11587982832618028
5 0.442311204456214 0.815450643776824 0.11129120628253127 0.11444921316165946
5 0.6884359875810427 0.061516452074391985 0.10986439594557566 0.11444921316165951
0 0.6891493927495206 0.4406294706723891 0.09702310291297607 0.10872675250357652
4 0.442311204456214 0.5658082975679541 0.10558396493470916 0.11015736766809724
1 0.9402680120536937 0.060801144492131615 0.11414482695644239 0.11587982832618027
