9 0.1917024320457797 0.19742489270386265 0.09442060085836909 0.10586552217453503
9 0.06366237482117311 0.32117310443490704 0.10157367668097281 0.09298998569384835
9 0.31402002861230327 0.19027181688125894 0.0786838340486409 0.10300429184549355
9 0.5593705293276109 0.4427753934191702 0.10300429184549359 0.09871244635193144
11 0.6874105865522175 0.07010014306151645 0.10157367668097286 0.09728183118741059
11 0.8118741058655223 0.19456366237482117 0.08440629470672391 0.10586552217453503
8 0.31402002861230327 0.315450643776824 0.10443490701001426 0.1044349070100143
10 0.6881258941344778 0.19313304721030045 0.1144492131616596 0.1144492131616595
7 0.19098712446351931 0.06723891273247497 0.1101573676680973 0.1201716738197425
3 0.6881258941344778 0.6859799713876967 0.0858369098712447 0.11015736766809724
3 0.44134477825464946 0.4470672389127325 0.08726752503576535 0.09871244635193137
3 0.06580829756795423 0.6866952782204478 0.10300429184549359 0.11158798283261788
3 0.1881258941344778 0.8125894134477827 0.1015736766809728 0.10586552217453502
0 0.5636623748211731 0.8140200286123033 0.10872675250357652 0.11158798283261802
4 0.3133047210300429 0.43776824034334766 0.1144492131616595 0.11444921316165953
1 0.1917024320457797 0.9363376251788269 0.11444921316165951 0.11587982832618024
5 0.9363376251788269 0.9334763948497854 0.10157367668097293 0.11587982832618024
5 0.9377682403433476 0.3190271816881259 0.10157367668097293 0.10586552217453506
