9 0.4375865749256307 0.5643776824034334 0.1238049821740809 0.12160228898426333
9 0.8104245672199891 0.6895565092989986 0.12380498217408074 0.12017167381974246
9 0.9382980978116887 0.8161659513590844 0.12340380437662261 0.12160228898426312
11 0.6859080621598506 0.9377682403433476 0.11953584485773333 0.11301859799713881
8 0.31235854697943394 0.6895565092989985 0.1209588906298492 0.12303290414878397
8 0.6873311079319663 0.5658082975679543 0.11953584485773326 0.11874105865522182
6 0.5628146028718275 0.6866952789699571 0.1238049821740809 0.12017167381974239
10 0.43616352915351486 0.6888412017167381 0.1238049821740809 0.12160228898426333
7 0.8104245672199891 0.938483547925608 0.12095889062984909 0.1144492131616596
3 0.4368750520395727 0.43848354792560795 0.12238193640196507 0.12446351931330468
3 0.8111360901060471 0.18955650929899856 0.12522802794619678 0.12732474964234622
3 0.9375865749256306 0.1881258941344778 0.12482685014873866 0.12446351931330471
2 0.06332553685915632 0.06294706723891273 0.12665107371831263 0.12589413447782546
0 0.5621030799857695 0.18955650929899856 0.12522802794619678 0.12446351931330468
0 0.18784204191929516 0.1888412017167382 0.12238193640196501 0.12303290414878393
2 0.8104245672199891 0.31402002861230327 0.1266510737183127 0.12446351931330472
4 0.18855356480535307 0.3133047210300429 0.12380498217408087 0.12017167381974246
1 0.8097130443339313 0.06294706723891273 0.12522802794619664 0.12589413447782546
