9 0.4329302998138662 0.6945636623748211 0.10068146507299211 0.1015736766809728
9 0.6824765025304967 0.815450643776824 0.10499638500469181 0.10300429184549344
9 0.807609180549787 0.6895565092989986 0.10499638500469174 0.11158798283261802
9 0.9370567785007767 0.8125894134477825 0.11074961158029126 0.10872675250357645
11 0.4243111480506802 0.938483547925608 0.11220929442461788 0.12303290414878404
6 0.6860722691402462 0.9370529327610879 0.10068146507299187 0.10872675250357655
6 0.6831956558524466 0.561516452074392 0.08917501192179308 0.1101573676680973
10 0.5566246711892566 0.8147353361945636 0.11506453151199103 0.11874105865522168
7 0.8169688618353496 0.9391988555078683 0.1064560678490183 0.12160228898426326
5 0.05321734582429581 0.31258941344778224 0.08917501192179297 0.10443490701001429
5 0.30204439521897647 0.30972818311874106 0.10643469164859173 0.11874105865522182
5 0.4286153798821665 0.0586552217453505 0.10931130493639145 0.10872675250357654
0 0.4293345332041165 0.30758226037195996 0.09636654514129248 0.1201716738197425
3 0.8104857938375865 0.30972818286890474 0.10787299829249183 0.1101573676680973
3 0.6839148091743966 0.1888412017167382 0.09636654514129255 0.10586552217453506
3 0.807609180549787 0.18526466380543635 0.11362622486809115 0.10157367668097281
3 0.9392142384666267 0.1888412017167382 0.10643469164859169 0.11158798283261805
1 0.8126432538034365 0.05865522174535051 0.12081775808759047 0.11731044349070102
