9 0.05865522174535051 0.8190271816881258 0.11731044349070102 0.11015736766809724
9 0.6866952789699571 0.8140200286123033 0.094420600858369 0.11158798283261802
9 0.8090128755364806 0.8175965665236052 0.09585121602288979 0.10443490701001437
9 0.9370529327610874 0.8175965665236052 0.10014306151645215 0.10443490701001437
11 0.30615164520743915 0.9406294706723891 0.10014306151645211 0.11015736766809738
6 0.6845493562231756 0.6881258935723459 0.10443490701001412 0.11444921428592321
6 0.9356223175965666 0.5629470672389129 0.10300429184549359 0.10729613733905573
10 0.43705293276108725 0.9420600858369099 0.1072961373390558 0.11015736766809724
7 0.8140200286123033 0.9377682403433476 0.10872675250357659 0.11874105865522168
3 0.1909871244635193 0.5643776824034323 0.09871244635193133 0.1158798283261802
3 0.6874105865522173 0.19027181688125894 0.09298998569384835 0.10586552217453506
3 0.8104434907010014 0.1888412017167382 0.09298998569384821 0.10586552217453506
3 0.938483547925608 0.3154506437768241 0.09728183118741057 0.10729613733905584
5 0.5636623748211731 0.06723891273247497 0.12589413447782555 0.1201716738197425
2 0.43776824034334766 0.1859799713876967 0.10872675250357659 0.10872675250357652
2 0.6852646638054364 0.3111587982832618 0.10014306151645215 0.11587982832618032
4 0.30972818311874106 0.44062947067238917 0.11301859799713874 0.11731044349070104
1 0.8118741058655223 0.06294706723891273 0.11301859799713881 0.117310443490701
