9 0.06239683063717398 0.19098712446351931 0.10758074247788617 0.1044349070100143
9 0.5644402955339761 0.44062947067238917 0.10471192267847584 0.10300429184549359
9 0.6885167518584714 0.31115879828326176 0.1032775127787707 0.1072961373390558
11 0.9395384843068726 0.06509298998569385 0.09467105338053983 0.11301859799713877
11 0.4339089946608075 0.060801144117377 0.10471192267847591 0.11301859799713877
3 0.43821222435992296 0.5608011444921316 0.10471192267847591 0.10586552217453508
10 0.18647328696166937 0.9320457796852647 0.11475279197641189 0.1072961373390558
7 0.1879076968613745 0.06223175965665236 0.10901515237759131 0.11874105865522175
3 0.4346261996106601 0.69241773962804 0.09180223358112947 0.10872675250357652
3 0.5601370658348607 0.5672389127324748 0.10758074247788613 0.10729613733905573
5 0.9402556892567253 0.4406294706723891 0.09036782368142442 0.10872675250357652
5 0.9359524595576096 0.6838340486409156 0.11044956227729656 0.11444921316165939
5 0.3141357680354276 0.8097281831187411 0.10901515237759138 0.11158798283261802
0 0.814027618082672 0.3118741058655222 0.10471192267847584 0.11444921316165953
4 0.44108104415933325 0.9363376251788269 0.11044956227729642 0.11015736766809738
1 0.5622886806844184 0.9291845487316323 0.10040869297936034 0.1101573676680974
