9 0.059370529327610874 0.32045779685264664 0.09871244635193133 0.10014306151645201
9 0.43705293276108725 0.44420600858369097 0.09298998569384835 0.1044349070100143
9 0.5629470672389126 0.5679542203147353 0.06723891273247495 0.10014306151645215
9 0.6902718168812589 0.43633762517882685 0.1044349070100143 0.1115879828326181
11 0.9427753934191702 0.18955650929899856 0.08869814020028613 0.1015736766809728
11 0.31115879828326176 0.1888412017167382 0.10443490701001426 0.09728183118741061
6 0.1866952789699571 0.18741058655221746 0.09585121602288986 0.11444921316165953
10 0.30901287553648066 0.8133047210300429 0.1144492131616595 0.11015736766809738
7 0.05722460658082976 0.1838340486409156 0.11158798283261802 0.1072961373390558
8 0.18311874105865525 0.30972818311874106 0.10300429184549359 0.11015736766809724
3 0.1888412017167382 0.6974248927038628 0.09442060085836909 0.1015736766809728
3 0.5622317596566524 0.6917024320457797 0.10014306151645215 0.10443490701001423
3 0.6895565092989986 0.567238912732475 0.09155937052932757 0.09585121602288993
5 0.8161659513590845 0.9449213161659514 0.10443490701001437 0.10729613733905595
5 0.8133047210300429 0.06509298998569385 0.10443490701001437 0.11301859799713877
0 0.5622317596566524 0.8147353361945636 0.09728183118741057 0.11301859799713868
4 0.43419170243204575 0.561516452074392 0.11301859799713874 0.10729613733905588
1 0.18526466380543632 0.8125894130730279 0.11015736766809728 0.11731044424021028
