9 0.061284973228143275 0.3197424892703863 0.10814995275554695 0.1044349070100143
9 0.43548380976233575 0.4470672389127325 0.08363596346428963 0.09871244635193137
9 0.5609377549587702 0.5693848354792561 0.07786796598399377 0.09728183118741064
9 0.6849497007851306 0.4463519313304721 0.10959195212562087 0.08869814020028613
11 0.9351365914929626 0.19527896995708155 0.09084596031465936 0.10157367668097285
11 0.31291386330604914 0.1938483547925608 0.10670795338547294 0.11301859799713874
8 0.178086922204134 0.31402002861230327 0.09949795653510318 0.11015736766809735
6 0.18673891842457774 0.19241773962804007 0.09084596031465944 0.1072961373390558
10 0.31363486299108617 0.31831187410586553 0.1139179502358428 0.10157367668097286
3 0.06272697259821722 0.0658082968809041 0.10526595401539901 0.11158798420671838
3 0.19106491653479957 0.6909871245884375 0.11968594771613862 0.11158798283261802
3 0.5638217536989181 0.69241773962804 0.07498396724384591 0.10014306151645201
3 0.6871126998402416 0.5708154506437768 0.08507796283436363 0.10014306151645201
3 0.31363486299108617 0.8211731044349071 0.10526595401539897 0.10300429184549344
5 0.812566645036676 0.9377682403433476 0.09949795653510321 0.10443490701001437
4 0.562379754328844 0.8140200282375488 0.0980559571650292 0.10872675325308595
4 0.43548380976233575 0.5686695278969957 0.10959195212562087 0.10443490701001423
5 0.8096826462965282 0.07153075822603719 0.10526595401539893 0.10872675250357652
1 0.18457591936946677 0.8097281827439865 0.11824394834606468 0.11158798283261802
