9 0.3201987090669461 0.44206008583690987 0.09677116540689927 0.10014306151645208
9 0.44187421851238556 0.5650929899856938 0.11242532451683879 0.10872675250357659
9 0.06759750524746638 0.1917024320457797 0.10388669227505361 0.09728183118741056
9 0.19567698887424478 0.19384835479256082 0.08680942779148315 0.10443490701001432
11 0.5685305967655331 0.06580829756795423 0.09534806003326836 0.11444921316165953
11 0.5671074913919022 0.19098712446351931 0.10388669227505361 0.1044349070100143
10 0.4383164550783083 0.31616595135908443 0.11954085138499317 0.11731044349070104
7 0.1914076727533522 0.06723891273247498 0.09534806003326837 0.11158798283261805
3 0.07400147942880529 0.8147353361945636 0.08823253316511401 0.11015736766809724
3 0.1963885415610602 0.8118741058655223 0.10815600839594619 0.11301859799713881
3 0.31877560369331515 0.8140200286123033 0.1024635869014228 0.10872675250357659
3 0.5671074913919022 0.31831187410586553 0.09534806003326836 0.10443490701001426
5 0.6887830008373416 0.18955650929899856 0.10815600839594637 0.11015736766809729
5 0.5621266225841941 0.9313304721030043 0.10530979764868441 0.10586552217453515
4 0.9349802304754823 0.1859799713876967 0.11100221914320799 0.12017167381974252
1 0.1942538835006139 0.9356223175965666 0.10673290302231532 0.11158798283261802
