9 0.06528875837662826 0.31831187410586553 0.11354566674196219 0.11015736766809724
9 0.19089865220992394 0.1938483547925608 0.10077177923349145 0.11587982832618024
11 0.562051050372713 0.06580829756795421 0.09083653339356978 0.12017167381974249
6 0.5599220691213012 0.5679542203147353 0.10361042090204045 0.10586552217453502
10 0.31366990437467057 0.31831187410586553 0.11354566674196225 0.11015736766809724
7 0.06103079587380468 0.06509298998569384 0.10786838340486408 0.1273247496423462
9 0.4364411565394172 0.6967095851216023 0.08373992922219714 0.09442060085836915
9 0.8090128755364807 0.5686695278969957 0.09367517506211882 0.10443490701001423
3 0.06386943754235375 0.8168812589413449 0.08515925005647165 0.10300429184549373
3 0.1901889917927867 0.8261802575107297 0.09651381673066788 0.10443490701001423
3 0.31154092312325876 0.44420600858369097 0.10077177923349147 0.10157367668097286
3 0.8125611776221668 0.7017167381974247 0.09793313756494243 0.09012875536480693
5 0.31296024395753336 0.9406294706723891 0.09509449589639335 0.1072961373390558
0 0.562051050372713 0.44062947067238917 0.09083653339356978 0.11731044349070104
4 0.6848223025374596 0.5629470672389127 0.10928770423913853 0.11301859799713881
1 0.06954672087945185 0.9391988555078683 0.11638430841051126 0.11015736766809724
