9 0.07134350493225176 0.3240343347639485 0.10844212749702269 0.1072961373390558
9 0.6870379524975843 0.32045779685264664 0.09560029660921728 0.10300429184549355
9 0.8111756510797025 0.1967095851216023 0.08989281621463718 0.10443490701001432
9 0.930319304316563 0.2010014306151645 0.0941734265105724 0.1015736766809728
11 0.3153382918005528 0.0715307582260372 0.10844212749702269 0.11444921316165951
6 0.8083219108824125 0.3197424892703863 0.10130777700379738 0.1101573676680973
10 0.81331595622767 0.8140200286123033 0.1084421274970228 0.11444921316165946
3 0.0706300698829292 0.06866952770961843 0.10416151720108752 0.11444921353641418
3 0.07134350493225176 0.6881258941344778 0.09988090690515246 0.11158798283261795
3 0.19762150866233735 0.8175965665236052 0.08133159562276701 0.10157367668097293
3 0.3124845516032627 0.8161659513590842 0.09988090690515243 0.1015736766809728
3 0.9353133496618204 0.8183118741058655 0.10416151720108757 0.10586552217453502
5 0.31819203199784285 0.9349070100143061 0.1055883872997326 0.11301859799713881
0 0.8097487809810575 0.6866952789699571 0.10416151720108757 0.10872675250357638
4 0.07063006988292925 0.5650929899856938 0.10986899759566772 0.10872675250357659
1 0.19833494371165986 0.9356223173467302 0.1170033480888929 0.11444921366133246
