9 0.06454754436228156 0.19027181688125894 0.09753851148078103 0.10586552217453506
9 0.19364263308684473 0.2010014306151645 0.09753851148078105 0.09871244635193131
9 0.3162829673751798 0.1995708154506438 0.09610412160606377 0.09012875536480687
9 0.692810309488489 0.32117310443490704 0.07458827348530321 0.09298998569384835
6 0.690658724676413 0.07296137339055794 0.08749778235775964 0.10872675250357655
10 0.18790507358797526 0.31759656652360513 0.11188241022795471 0.10872675250357652
11 0.31484857750046236 0.07224606580829757 0.09610412160606369 0.10729613733905578
7 0.19220824321212737 0.06723891273247495 0.10614485072908525 0.11444921316165951
3 0.06311315448756422 0.8125894134477825 0.10327607097965054 0.10872675250357645
3 0.19005665840005131 0.8168812589413449 0.08749778235775948 0.10300429184549373
3 0.3155657724378211 0.8168812589413449 0.09180095198191157 0.10300429184549373
3 0.5637152207639258 0.6902718168812589 0.09466973173134625 0.10157367668097265
2 0.31269699268838635 0.6881258941344778 0.10040729123021581 0.11158798283261795
5 0.3098282129389516 0.9363376251788269 0.09753851148078109 0.10157367668097293
4 0.6920931145511302 0.6895565092989986 0.1075792406038027 0.11444921316165939
1 0.19220824321212737 0.9291845493562232 0.1176199697268242 0.11301859799713881
