9 0.06223175965665236 0.31187410586552217 0.10729613733905578 0.10872675250357652
9 0.1859799713876967 0.18669527896995708 0.09728183118741061 0.10729613733905578
9 0.31402002861230327 0.1917024320457797 0.09871244635193129 0.10014306151645207
9 0.9341917024320457 0.43633762517882685 0.09728183118741071 0.10872675250357652
11 0.5636623748211731 0.8118741058655223 0.10872675250357652 0.11301859799713881
11 0.5665236051502146 0.06294706723891273 0.10300429184549366 0.117310443490701
10 0.3168812589413446 0.310443490701001 0.11015736766809704 0.1115879828326179
7 0.5636623748211732 0.31115879797096624 0.1087267525035765 0.1101573682926882
7 0.19027181688125894 0.06008583690987123 0.10872675250357655 0.111587982832618
3 0.06223175965665236 0.6859799713876967 0.10729613733905578 0.11587982832618032
3 0.19742489270386257 0.80901287553648 0.10014306151645194 0.11587982832618017
3 0.8104434907010014 0.815450643776824 0.09871244635193137 0.10300429184549344
3 0.9391988555078683 0.8161659513590842 0.09298998569384835 0.1015736766809728
5 0.43276108726752505 0.9370529327610874 0.1072961373390558 0.10586552217453502
5 0.6917024320457797 0.06437768240343347 0.09298998569384849 0.11444921316165951
2 0.43633762517882685 0.43490701001430615 0.10586552217453508 0.11731044349070104
1 0.6902718168812584 0.8082975673920881 0.10443490701001418 0.11444921428592326
1 0.06437768240343349 0.9349070100143061 0.10586552217453507 0.11587982832618039
