9 0.05824810519587253 0.5715307582260372 0.10211396219523332 0.09871244635193129
9 0.6953817003013424 0.31974248927038623 0.09348461327732636 0.10157367668097277
9 0.8183499223815177 0.44206008583690987 0.09492283809697738 0.09728183118741064
9 0.9370034700027393 0.3190271816881259 0.09060816363802388 0.09728183118741057
11 0.31856679755273487 0.06795422031473534 0.10499041183453567 0.11015736766809729
8 0.1912839010136061 0.3161659509218708 0.10355218701488447 0.11444921403608693
6 0.3207241347822116 0.31759656652360513 0.09779928773627983 0.10872675250357652
10 0.06687745411377956 0.19885550786838338 0.11074331111314034 0.117310443490701
7 0.19128390101360604 0.06294706723891273 0.11505798557209386 0.12589413447782546
3 0.4422541320427358 0.6931330472103006 0.08197881472011687 0.11874105865522168
3 0.3185667975527349 0.569384836228765 0.10211396219523315 0.10586552067551622
3 0.8183499223815177 0.5701001430615164 0.09779928773627972 0.1015736766809728
3 0.9427563692813442 0.43991416309012876 0.09923751255593088 0.11301859799713881
5 0.06759656652360516 0.6888412017167382 0.11218153593279152 0.11301859799713874
2 0.6903479134325632 0.6902718168812589 0.1179344352113963 0.11587982832618017
0 0.8190690347913432 0.8118741058655223 0.11649621039174506 0.11301859799713881
4 0.32360058442151396 0.44277539341917027 0.11218153593279152 0.11874105865522183
1 0.3178476851429093 0.8118741058655223 0.11505798557209385 0.11301859799713881
